[[[-0.987756073474884,0.032984111458063126,-0.15272121131420135,0,0.04421652853488922,0.9965243339538574,-0.07075423747301102,0,0.14985370635986328,-0.07663922011852264,-0.9857621192932129,0,-0.22245629131793976,1.4795974493026733,0.7109090089797974,1],[-0.998720645904541,0,0.05056813359260559,0,0,1,0,0,-0.05056813359260559,0,-0.998720645904541,0,0.3322882652282715,1.2885326147079468,-0.010637342929840088,1],{"axes":[0.6564644575119019,-0.5118625164031982],"buttons":[{"pressed":false,"touched":true,"value":0},{"pressed":false,"touched":false,"value":0},{"pressed":false,"touched":false,"value":0},{"pressed":false,"touched":false,"value":0}],"pose":{"position":[0.7172787189483643,-0.7028735876083374,0.18947911262512207],"orientation":[0.131467804312706,0.15841731429100037,-0.0912938266992569,0.9743129014968872]}},{"axes":[0.2122233659029007,0.8134421706199646],"buttons":[{"pressed":false,"touched":true,"value":0},{"pressed":false,"touched":false,"value":0},{"pressed":false,"touched":false,"value":0},{"pressed":false,"touched":false,"value":0}],"pose":{"position":[0.7710072994232178,-0.6941932439804077,0.2070544958114624],"orientation":[0.11649710685014725,0.006927960552275181,0.25850212574005127,0.9589353799819946]}}],[[-0.9878513813018799,0.033129796385765076,-0.15207208693027496,0,0.044421881437301636,0.9964636564254761,-0.07147650420665741,0,0.1491633802652359,-0.07736197113990784,-0.985810399055481,0,-0.22233131527900696,1.4796782732009888,0.7109774351119995,1],[-0.998720645904541,0,0.05056813359260559,0,0,1,0,0,-0.05056813359260559,0,-0.998720645904541,0,0.3322882652282715,1.2885326147079468,-0.010637342929840088,1],{"axes":[0.6566537618637085,-0.5112555027008057],"buttons":[{"pressed":false,"touched":true,"value":0},{"pressed":false,"touched":false,"value":0},{"pressed":false,"touched":false,"value":0},{"pressed":false,"touched":false,"value":0}],"pose":{"position":[0.7173476219177246,-0.7032105922698975,0.18947654962539673],"orientation":[0.13142268359661102,0.15847815573215485,-0.09114418923854828,0.9743230938911438]}},{"axes":[0.20353439450263977,0.8125573396682739],"buttons":[{"pressed":false,"touched":true,"value":0},{"pressed":false,"touched":false,"value":0},{"pressed":false,"touched":false,"value":0},{"pressed":false,"touched":false,"value":0}],"pose":{"position":[0.7710635662078857,-0.694132924079895,0.20701152086257935],"orientation":[0.11645354330539703,0.0068880547769367695,0.2583923041820526,0.9589705467224121]}}],[[-0.9877980351448059,0.03417215496301651,-0.15218786895275116,0,0.04576129838824272,0.996269166469574,-0.0733189508318901,0,0.14911170303821564,-0.07938708364963531,-0.9856572151184082,0,-0.22228217124938965,1.4796525239944458,0.7110379338264465,1],[-0.998720645904541,0,0.05056813359260559,0,0,1,0,0,-0.05056813359260559,0,-0.998720645904541,0,0.3322882652282715,1.2885326147079468,-0.010637342929840088,1],{"axes":[0.6568362712860107,-0.5113810896873474],"buttons":[{"pressed":false,"touched":true,"value":0},{"pressed":false,"touched":false,"value":0},{"pressed":false,"touched":false,"value":0},{"pressed":false,"touched":false,"value":0}],"pose":{"position":[0.717454195022583,-0.7031432390213013,0.18944227695465088],"orientation":[0.13135208189487457,0.15841011703014374,-0.09117729216814041,0.974340558052063]}},{"axes":[0.2317095845937729,0.8114161491394043],"buttons":[{"pressed":false,"touched":true,"value":0},{"pressed":false,"touched":false,"value":0},{"pressed":false,"touched":false,"value":0},{"pressed":false,"touched":false,"value":0}],"pose":{"position":[0.7707171440124512,-0.6941993236541748,0.206942617893219],"orientation":[0.1163911446928978,0.00701559241861105,0.25859302282333374,0.9589231014251709]}}],[[-0.9876958727836609,0.03405636176466942,-0.1528753787279129,0,0.04578885808587074,0.9962248802185059,-0.07390119880437851,0,0.14977851510047913,-0.07999033480882645,-0.9855073690414429,0,-0.2221411168575287,1.479562759399414,0.7109478712081909,1],[-0.998720645904541,0,0.05056813359260559,0,0,1,0,0,-0.05056813359260559,0,-0.998720645904541,0,0.3322882652282715,1.2885326147079468,-0.010637342929840088,1],{"axes":[0.656976580619812,-0.48456427454948425],"buttons":[{"pressed":false,"touched":true,"value":0},{"pressed":false,"touched":false,"value":0},{"pressed":false,"touched":false,"value":0},{"pressed":false,"touched":false,"value":0}],"pose":{"position":[0.7172286510467529,-0.7029242515563965,0.18946415185928345],"orientation":[0.13133347034454346,0.15850377082824707,-0.09122858941555023,0.974323034286499]}},{"axes":[0.2421504706144333,0.8112582564353943],"buttons":[{"pressed":false,"touched":true,"value":0},{"pressed":false,"touched":false,"value":0},{"pressed":false,"touched":false,"value":0},{"pressed":false,"touched":false,"value":0}],"pose":{"position":[0.7706859111785889,-0.6942094564437866,0.20692390203475952],"orientation":[0.11640951782464981,0.006993254646658897,0.2586246132850647,0.9589125514030457]}}],[[-0.9876531362533569,0.03133128210902214,-0.15373194217681885,0,0.042990826070308685,0.9964069724082947,-0.07312282919883728,0,0.15088561177253723,-0.07882751524448395,-0.9854322671890259,0,-0.22209703922271729,1.4794710874557495,0.7109414339065552,1],[-0.998720645904541,0,0.05056813359260559,0,0,1,0,0,-0.05056813359260559,0,-0.998720645904541,0,0.3322882652282715,1.2885326147079468,-0.010637342929840088,1],{"axes":[0.6572752594947815,-0.3674139380455017],"buttons":[{"pressed":false,"touched":true,"value":0},{"pressed":false,"touched":false,"value":0},{"pressed":false,"touched":false,"value":0},{"pressed":false,"touched":false,"value":0}],"pose":{"position":[0.7171719074249268,-0.7032619714736938,0.18943488597869873],"orientation":[0.1313154399394989,0.15850424766540527,-0.09110143035650253,0.9743372797966003]}},{"axes":[0.23325268924236298,0.8110809326171875],"buttons":[{"pressed":false,"touched":true,"value":0},{"pressed":false,"touched":false,"value":0},{"pressed":false,"touched":false,"value":0},{"pressed":false,"touched":false,"value":0}],"pose":{"position":[0.7709786891937256,-0.6941447257995605,0.20699846744537354],"orientation":[0.11648648977279663,0.00693441042676568,0.2584221661090851,0.9589582085609436]}}],[[-0.987666666507721,0.031227806583046913,-0.15366621315479279,0,0.04297953471541405,0.9963600635528564,-0.073765829205513,0,0.150800421833992,-0.07945901900529861,-0.9853946566581726,0,-0.22202686965465546,1.4794806241989136,0.7109174728393555,1],[-0.998720645904541,0,0.05056813359260559,0,0,1,0,0,-0.05056813359260559,0,-0.998720645904541,0,0.3322882652282715,1.2885326147079468,-0.010637342929840088,1],{"axes":[0.6572752594947815,-0.3674139380455017],"buttons":[{"pressed":false,"touched":true,"value":0},{"pressed":false,"touched":false,"value":0},{"pressed":false,"touched":false,"value":0},{"pressed":false,"touched":false,"value":0}],"pose":{"position":[0.7171697616577148,-0.7032485008239746,0.18942594528198242],"orientation":[0.13138383626937866,0.15848365426063538,-0.091178759932518,0.9743242263793945]}},{"axes":[0.24386678636074066,0.8109046220779419],"buttons":[{"pressed":false,"touched":true,"value":0},{"pressed":false,"touched":false,"value":0},{"pressed":false,"touched":false,"value":0},{"pressed":false,"touched":false,"value":0}],"pose":{"position":[0.7709989547729492,-0.6941711902618408,0.20698189735412598],"orientation":[0.11647311598062515,0.006913966033607721,0.2583976686000824,0.9589665532112122]}}],[[-0.9876784682273865,0.03222544118762016,-0.15338444709777832,0,0.04404584318399429,0.9962731599807739,-0.07430862635374069,0,0.15041527152061462,-0.08014741539955139,-0.9853978157043457,0,-0.22205621004104614,1.4794403314590454,0.7108896970748901,1],[-0.998720645904541,0,0.05056813359260559,0,0,1,0,0,-0.05056813359260559,0,-0.998720645904541,0,0.3322882652282715,1.2885326147079468,-0.010637342929840088,1],{"axes":[0.6572483777999878,-0.40376508235931396],"buttons":[{"pressed":false,"touched":true,"value":0},{"pressed":false,"touched":false,"value":0},{"pressed":false,"touched":false,"value":0},{"pressed":false,"touched":false,"value":0}],"pose":{"position":[0.717449426651001,-0.7030879259109497,0.18947595357894897],"orientation":[0.13141785562038422,0.1583968549966812,-0.09126745909452438,0.97432541847229]}},{"axes":[0.2279667854309082,0.8106400370597839],"buttons":[{"pressed":false,"touched":true,"value":0},{"pressed":false,"touched":false,"value":0},{"pressed":false,"touched":false,"value":0},{"pressed":false,"touched":false,"value":0}],"pose":{"position":[0.7709252834320068,-0.6940897703170776,0.2069939374923706],"orientation":[0.11661209911108017,0.006952651776373386,0.2583501636981964,0.9589622020721436]}}],[[-0.9876593947410583,0.033274758607149124,-0.15328359603881836,0,0.045125145465135574,0.9962105751037598,-0.07449986785650253,0,0.1502208560705185,-0.08049587905406952,-0.9853991270065308,0,-0.222027987241745,1.4794032573699951,0.7108199000358582,1],[-0.998720645904541,0,0.05056813359260559,0,0,1,0,0,-0.05056813359260559,0,-0.998720645904541,0,0.3322882652282715,1.2885326147079468,-0.010637342929840088,1],{"axes":[0.6572296619415283,-0.4268253743648529],"buttons":[{"pressed":false,"touched":true,"value":0},{"pressed":false,"touched":false,"value":0},{"pressed":false,"touched":false,"value":0},{"pressed":false,"touched":false,"value":0}],"pose":{"position":[0.7174508571624756,-0.7030781507492065,0.18949604034423828],"orientation":[0.13145221769809723,0.15846212208271027,-0.09123022854328156,0.9743136763572693]}},{"axes":[0.21543295681476593,0.8102996945381165],"buttons":[{"pressed":false,"touched":true,"value":0},{"pressed":false,"touched":false,"value":0},{"pressed":false,"touched":false,"value":0},{"pressed":false,"touched":false,"value":0}],"pose":{"position":[0.7707870006561279,-0.694175124168396,0.20694494247436523],"orientation":[0.11651238799095154,0.0069612194783985615,0.25853830575942993,0.9589235186576843]}}],[[-0.9875838756561279,0.03371284529566765,-0.15367437899112701,0,0.04550226777791977,0.9962406754493713,-0.07386527210474014,0,0.1506035327911377,-0.07993912696838379,-0.985386073589325,0,-0.22209393978118896,1.4792505502700806,0.7108044624328613,1],[-0.998720645904541,0,0.05056813359260559,0,0,1,0,0,-0.05056813359260559,0,-0.998720645904541,0,0.3322882652282715,1.2885326147079468,-0.010637342929840088,1],{"axes":[0.6572161316871643,-0.3201112747192383],"buttons":[{"pressed":false,"touched":true,"value":0},{"pressed":false,"touched":false,"value":0},{"pressed":false,"touched":false,"value":0},{"pressed":false,"touched":false,"value":0}],"pose":{"position":[0.7172353267669678,-0.7031992673873901,0.1894506812095642],"orientation":[0.13136421144008636,0.15850481390953064,-0.09099799394607544,0.9743403196334839]}},{"axes":[0.20526398718357086,0.8098055124282837],"buttons":[{"pressed":false,"touched":true,"value":0},{"pressed":false,"touched":false,"value":0},{"pressed":false,"touched":false,"value":0},{"pressed":false,"touched":false,"value":0}],"pose":{"position":[0.770737886428833,-0.6941856145858765,0.20687603950500488],"orientation":[0.11648392677307129,0.007009217515587807,0.2585064470767975,0.9589352607727051]}}],[[-0.9874767661094666,0.033841267228126526,-0.154333233833313,0,0.045490995049476624,0.996334433555603,-0.07259669899940491,0,0.1513078212738037,-0.07870680838823318,-0.9853774309158325,0,-0.22200465202331543,1.4790370464324951,0.7106727361679077,1],[-0.998720645904541,0,0.05056813359260559,0,0,1,0,0,-0.05056813359260559,0,-0.998720645904541,0,0.3322882652282715,1.2885326147079468,-0.010637342929840088,1],{"axes":[0.6572069525718689,-0.3690870702266693],"buttons":[{"pressed":false,"touched":true,"value":0},{"pressed":false,"touched":false,"value":0},{"pressed":false,"touched":false,"value":0},{"pressed":false,"touched":false,"value":0}],"pose":{"position":[0.7172415256500244,-0.7032064199447632,0.18944060802459717],"orientation":[0.13128286600112915,0.15850678086280823,-0.09109193831682205,0.9743421673774719]}},{"axes":[0.20526398718357086,0.8098055124282837],"buttons":[{"pressed":false,"touched":true,"value":0},{"pressed":false,"touched":false,"value":0},{"pressed":false,"touched":false,"value":0},{"pressed":false,"touched":false,"value":0}],"pose":{"position":[0.7710497379302979,-0.694124698638916,0.20693439245224],"orientation":[0.1165313795208931,0.0068912990391254425,0.2583554983139038,0.9589710235595703]}}],[[-0.9874561429023743,0.032818883657455444,-0.15468573570251465,0,0.04429042339324951,0.9964810609817505,-0.07131525874137878,0,0.15179796516895294,-0.07727029174566269,-0.9854157567024231,0,-0.22197599709033966,1.4787628650665283,0.7105690836906433,1],[-0.998720645904541,0,0.05056813359260559,0,0,1,0,0,-0.05056813359260559,0,-0.998720645904541,0,0.3322882652282715,1.2885326147079468,-0.010637342929840088,1],{"axes":[0.657200038433075,-0.3617589771747589],"buttons":[{"pressed":false,"touched":true,"value":0},{"pressed":false,"touched":false,"value":0},{"pressed":false,"touched":false,"value":0},{"pressed":false,"touched":false,"value":0}],"pose":{"position":[0.717371940612793,-0.703066349029541,0.18940997123718262],"orientation":[0.13139280676841736,0.15845084190368652,-0.09118497371673584,0.9743277430534363]}},{"axes":[0.21278296411037445,0.8091917634010315],"buttons":[{"pressed":false,"touched":true,"value":0},{"pressed":false,"touched":false,"value":0},{"pressed":false,"touched":false,"value":0},{"pressed":false,"touched":false,"value":0}],"pose":{"position":[0.7709853649139404,-0.6941215991973877,0.20696550607681274],"orientation":[0.1165899932384491,0.006946219131350517,0.2583548426628113,0.9589636325836182]}}],[[-0.987493634223938,0.031767308712005615,-0.1546662151813507,0,0.04309496283531189,0.9965947270393372,-0.07045412063598633,0,0.15189842879772186,-0.07623685151338577,-0.985480785369873,0,-0.2217959612607956,1.4785518646240234,0.7104238271713257,1],[-0.998720645904541,0,0.05056813359260559,0,0,1,0,0,-0.05056813359260559,0,-0.998720645904541,0,0.3322882652282715,1.2885326147079468,-0.010637342929840088,1],{"axes":[0.6571953892707825,-0.40191197395324707],"buttons":[{"pressed":false,"touched":true,"value":0},{"pressed":false,"touched":false,"value":0},{"pressed":false,"touched":false,"value":0},{"pressed":false,"touched":false,"value":0}],"pose":{"position":[0.7173683643341064,-0.7030589580535889,0.18939965963363647],"orientation":[0.13143283128738403,0.15845337510108948,-0.09110077470541,0.9743298292160034]}},{"axes":[0.2290314882993698,0.809016227722168],"buttons":[{"pressed":false,"touched":true,"value":0},{"pressed":false,"touched":false,"value":0},{"pressed":false,"touched":false,"value":0},{"pressed":false,"touched":false,"value":0}],"pose":{"position":[0.7711055278778076,-0.6941283941268921,0.2069653868675232],"orientation":[0.11665470898151398,0.0069150435738265514,0.258372962474823,0.9589511156082153]}}],[[-0.9875204563140869,0.031974390149116516,-0.1544521450996399,0,0.04345611855387688,0.9965008497238159,-0.071551613509655,0,0.15162093937397003,-0.0773690789937973,-0.9854353666305542,0,-0.22174818813800812,1.4782580137252808,0.7103017568588257,1],[-0.998720645904541,0,0.05056813359260559,0,0,1,0,0,-0.05056813359260559,0,-0.998720645904541,0,0.3322882652282715,1.2885326147079468,-0.010637342929840088,1],{"axes":[0.657213032245636,-0.28884926438331604],"buttons":[{"pressed":false,"touched":true,"value":0},{"pressed":false,"touched":false,"value":0},{"pressed":false,"touched":false,"value":0},{"pressed":false,"touched":false,"value":0}],"pose":{"position":[0.7174167633056641,-0.703039288520813,0.1894248127937317],"orientation":[0.13142642378807068,0.1583847552537918,-0.09108792990446091,0.9743430614471436]}},{"axes":[0.22862814366817474,0.8092656135559082],"buttons":[{"pressed":false,"touched":true,"value":0},{"pressed":false,"touched":false,"value":0},{"pressed":false,"touched":false,"value":0},{"pressed":false,"touched":false,"value":0}],"pose":{"position":[0.7710602283477783,-0.6941202878952026,0.2070472240447998],"orientation":[0.11669544875621796,0.007019839249551296,0.25850149989128113,0.9589107632637024]}}],[[-0.987636148929596,0.033823683857917786,-0.1533145159482956,0,0.04526768997311592,0.9964032769203186,-0.07178691029548645,0,0.15033207833766937,-0.07783803343772888,-0.9855958819389343,0,-0.22164522111415863,1.4780077934265137,0.7100722789764404,1],[-0.998720645904541,0,0.05056813359260559,0,0,1,0,0,-0.05056813359260559,0,-0.998720645904541,0,0.3322882652282715,1.2885326147079468,-0.010637342929840088,1],{"axes":[0.6572878956794739,-0.397698312997818],"buttons":[{"pressed":false,"touched":true,"value":0},{"pressed":false,"touched":false,"value":0},{"pressed":false,"touched":false,"value":0},{"pressed":false,"touched":false,"value":0}],"pose":{"position":[0.7174391746520996,-0.7030324935913086,0.1894146203994751],"orientation":[0.13139058649539948,0.15842163562774658,-0.09117835015058517,0.9743334054946899]}},{"axes":[0.2142954170703888,0.810211718082428],"buttons":[{"pressed":false,"touched":true,"value":0},{"pressed":false,"touched":false,"value":0},{"pressed":false,"touched":false,"value":0},{"pressed":false,"touched":false,"value":0}],"pose":{"position":[0.7710847854614258,-0.6941189765930176,0.2070520520210266],"orientation":[0.11669047176837921,0.006955865770578384,0.2583498954772949,0.9589527249336243]}}],[[-0.9875911474227905,0.03521110862493515,-0.15329235792160034,0,0.046462420374155045,0.9964434504508972,-0.07045357674360275,0,0.15026350319385529,-0.07670016586780548,-0.9856955409049988,0,-0.22176581621170044,1.4774644374847412,0.7096612453460693,1],[-0.998720645904541,0,0.05056813359260559,0,0,1,0,0,-0.05056813359260559,0,-0.998720645904541,0,0.3322882652282715,1.2885326147079468,-0.010637342929840088,1],{"axes":[0.6572878956794739,-0.397698312997818],"buttons":[{"pressed":false,"touched":true,"value":0},{"pressed":false,"touched":false,"value":0},{"pressed":false,"touched":false,"value":0},{"pressed":false,"touched":false,"value":0}],"pose":{"position":[0.7173936367034912,-0.703076958656311,0.18948888778686523],"orientation":[0.1314200758934021,0.15846537053585052,-0.09111279249191284,0.9743284583091736]}},{"axes":[0.24921944737434387,0.8109211921691895],"buttons":[{"pressed":false,"touched":true,"value":0},{"pressed":false,"touched":false,"value":0},{"pressed":false,"touched":false,"value":0},{"pressed":false,"touched":false,"value":0}],"pose":{"position":[0.7710397243499756,-0.6942611932754517,0.20729202032089233],"orientation":[0.11682435125112534,0.007053720764815807,0.25846603512763977,0.9589043855667114]}}],[[-0.9872702360153198,0.03293607383966446,-0.1558440923690796,0,0.043765731155872345,0.996831476688385,-0.06658507883548737,0,0.15315425395965576,-0.07255668193101883,-0.9855643510818481,0,-0.2219536155462265,1.4768086671829224,0.7093231678009033,1],[-0.998720645904541,0,0.05056813359260559,0,0,1,0,0,-0.05056813359260559,0,-0.998720645904541,0,0.3322882652282715,1.2885326147079468,-0.010637342929840088,1],{"axes":[0.6573387384414673,-0.41836217045783997],"buttons":[{"pressed":false,"touched":true,"value":0},{"pressed":false,"touched":false,"value":0},{"pressed":false,"touched":false,"value":0},{"pressed":false,"touched":false,"value":0}],"pose":{"position":[0.7172794342041016,-0.7030024528503418,0.18971377611160278],"orientation":[0.13151980936527252,0.15842342376708984,-0.09110625088214874,0.9743224382400513]}},{"axes":[0.22897027432918549,0.8110464811325073],"buttons":[{"pressed":false,"touched":true,"value":0},{"pressed":false,"touched":false,"value":0},{"pressed":false,"touched":false,"value":0},{"pressed":false,"touched":false,"value":0}],"pose":{"position":[0.7710518836975098,-0.6942555904388428,0.20733410120010376],"orientation":[0.11681152880191803,0.007107385899871588,0.2584853768348694,0.9589003324508667]}}],[[-0.9872627854347229,0.03129000589251518,-0.15623021125793457,0,0.04182006046175957,0.997046709060669,-0.06458283960819244,0,0.15374502539634705,-0.07029242068529129,-0.9856364727020264,0,-0.22171556949615479,1.476269006729126,0.7087110877037048,1],[-0.998720645904541,0,0.05056813359260559,0,0,1,0,0,-0.05056813359260559,0,-0.998720645904541,0,0.3322882652282715,1.2885326147079468,-0.010637342929840088,1],{"axes":[0.6573917865753174,-0.4326151907444],"buttons":[{"pressed":false,"touched":true,"value":0},{"pressed":false,"touched":false,"value":0},{"pressed":false,"touched":false,"value":0},{"pressed":false,"touched":false,"value":0}],"pose":{"position":[0.717301607131958,-0.703307032585144,0.18972641229629517],"orientation":[0.1315183937549591,0.15857850015163422,-0.09101895242929459,0.9743055701255798]}},{"axes":[0.21358580887317657,0.8110992312431335],"buttons":[{"pressed":false,"touched":true,"value":0},{"pressed":false,"touched":false,"value":0},{"pressed":false,"touched":false,"value":0},{"pressed":false,"touched":false,"value":0}],"pose":{"position":[0.7711541652679443,-0.6941846609115601,0.2071610689163208],"orientation":[0.11667214334011078,0.006993254646658897,0.25832876563072205,0.9589603543281555]}}],[[-0.9872813820838928,0.031732115894556046,-0.15602339804172516,0,0.042120080441236496,0.9970884323120117,-0.06373818218708038,0,0.1535436064004898,-0.06949788331985474,-0.9857242703437805,0,-0.22152838110923767,1.4761326313018799,0.7085042595863342,1],[-0.998720645904541,0,0.05056813359260559,0,0,1,0,0,-0.05056813359260559,0,-0.998720645904541,0,0.3322882652282715,1.2885326147079468,-0.010637342929840088,1],{"axes":[0.6574445366859436,-0.4547150135040283],"buttons":[{"pressed":false,"touched":true,"value":0},{"pressed":false,"touched":false,"value":0},{"pressed":false,"touched":false,"value":0},{"pressed":false,"touched":false,"value":0}],"pose":{"position":[0.7170877456665039,-0.7029917240142822,0.18937140703201294],"orientation":[0.13140170276165009,0.15844957530498505,-0.09117785841226578,0.9743274450302124]}},{"axes":[0.1851227581501007,0.8115394711494446],"buttons":[{"pressed":false,"touched":true,"value":0},{"pressed":false,"touched":false,"value":0},{"pressed":false,"touched":false,"value":0},{"pressed":false,"touched":false,"value":0}],"pose":{"position":[0.7711508274078369,-0.6941663026809692,0.20715081691741943],"orientation":[0.1166861280798912,0.007038917392492294,0.2584165036678314,0.9589346647262573]}}],[[-0.9873024225234985,0.03176206722855568,-0.1558840423822403,0,0.04224755987524986,0.9970387816429138,-0.06442679464817047,0,0.1533731371164322,-0.0701930969953537,-0.9857016205787659,0,-0.2215818166732788,1.4759101867675781,0.7083353400230408,1],[-0.998720645904541,0,0.05056813359260559,0,0,1,0,0,-0.05056813359260559,0,-0.998720645904541,0,0.3322882652282715,1.2885326147079468,-0.010637342929840088,1],{"axes":[0.6574984192848206,-0.4701476991176605],"buttons":[{"pressed":false,"touched":true,"value":0},{"pressed":false,"touched":false,"value":0},{"pressed":false,"touched":false,"value":0},{"pressed":false,"touched":false,"value":0}],"pose":{"position":[0.7173705101013184,-0.7031277418136597,0.18943065404891968],"orientation":[0.13141819834709167,0.1584305316209793,-0.09111974388360977,0.9743337035179138]}},{"axes":[0.2208755612373352,0.8117806911468506],"buttons":[{"pressed":false,"touched":true,"value":0},{"pressed":false,"touched":false,"value":0},{"pressed":false,"touched":false,"value":0},{"pressed":false,"touched":false,"value":0}],"pose":{"position":[0.7711446285247803,-0.6941332817077637,0.20704513788223267],"orientation":[0.11655637621879578,0.006988991983234882,0.2583615779876709,0.9589655995368958]}}],[[-0.9873673319816589,0.032656002789735794,-0.15528705716133118,0,0.043167926371097565,0.996973991394043,-0.06481814384460449,0,0.15269751846790314,-0.07070137560367584,-0.9857702255249023,0,-0.2214852124452591,1.4758193492889404,0.7080223560333252,1],[-0.998720645904541,0,0.05056813359260559,0,0,1,0,0,-0.05056813359260559,0,-0.998720645904541,0,0.3322882652282715,1.2885326147079468,-0.010637342929840088,1],{"axes":[0.6574984192848206,-0.4701476991176605],"buttons":[{"pressed":false,"touched":true,"value":0},{"pressed":false,"touched":false,"value":0},{"pressed":false,"touched":false,"value":0},{"pressed":false,"touched":false,"value":0}],"pose":{"position":[0.7173557281494141,-0.703116774559021,0.18943405151367188],"orientation":[0.13143254816532135,0.15849009156227112,-0.09104914963245392,0.9743286967277527]}},{"axes":[0.2208755612373352,0.8117806911468506],"buttons":[{"pressed":false,"touched":true,"value":0},{"pressed":false,"touched":false,"value":0},{"pressed":false,"touched":false,"value":0},{"pressed":false,"touched":false,"value":0}],"pose":{"position":[0.7710950374603271,-0.6941395998001099,0.2070421576499939],"orientation":[0.11660660803318024,0.007031504530459642,0.2584671676158905,0.9589307308197021]}}],[[-0.9874114394187927,0.03365548327565193,-0.15479259192943573,0,0.04411432892084122,0.9969438910484314,-0.06464368104934692,0,0.1521410048007965,-0.07065712660551071,-0.9858595132827759,0,-0.22150975465774536,1.475419521331787,0.7076036930084229,1],[-0.998720645904541,0,0.05056813359260559,0,0,1,0,0,-0.05056813359260559,0,-0.998720645904541,0,0.3322882652282715,1.2885326147079468,-0.010637342929840088,1],{"axes":[0.6742980480194092,-0.4889703691005707],"buttons":[{"pressed":false,"touched":true,"value":0},{"pressed":false,"touched":false,"value":0},{"pressed":false,"touched":false,"value":0},{"pressed":false,"touched":false,"value":0}],"pose":{"position":[0.7173266410827637,-0.7030746936798096,0.18935978412628174],"orientation":[0.13142120838165283,0.1584613174200058,-0.09110265225172043,0.9743298888206482]}},{"axes":[0.21758832037448883,0.8144500255584717],"buttons":[{"pressed":false,"touched":true,"value":0},{"pressed":false,"touched":false,"value":0},{"pressed":false,"touched":false,"value":0},{"pressed":false,"touched":false,"value":0}],"pose":{"position":[0.7710490226745605,-0.6940816640853882,0.20710992813110352],"orientation":[0.11664283275604248,0.007013468071818352,0.25843197107315063,0.9589359760284424]}}],[[-0.9873485565185547,0.03165227919816971,-0.15561425685882568,0,0.04183617979288101,0.9971714019775391,-0.06261730194091797,0,0.15318916738033295,-0.06833410263061523,-0.9858610033988953,0,-0.22132307291030884,1.4750312566757202,0.7068917155265808,1],[-0.998720645904541,0,0.05056813359260559,0,0,1,0,0,-0.05056813359260559,0,-0.998720645904541,0,0.3322882652282715,1.2885326147079468,-0.010637342929840088,1],{"axes":[0.6698550581932068,-0.36093735694885254],"buttons":[{"pressed":false,"touched":true,"value":0},{"pressed":false,"touched":false,"value":0},{"pressed":false,"touched":false,"value":0},{"pressed":false,"touched":false,"value":0}],"pose":{"position":[0.7173047065734863,-0.7030837535858154,0.18934905529022217],"orientation":[0.1314021497964859,0.15854330360889435,-0.09111655503511429,0.9743178486824036]}},{"axes":[0.21758832037448883,0.8144500255584717],"buttons":[{"pressed":false,"touched":true,"value":0},{"pressed":false,"touched":false,"value":0},{"pressed":false,"touched":false,"value":0},{"pressed":false,"touched":false,"value":0}],"pose":{"position":[0.7706830501556396,-0.6942576169967651,0.20702826976776123],"orientation":[0.1165635958313942,0.007154403254389763,0.25860124826431274,0.9588989019393921]}}],[[-0.9869993329048157,0.0296498890966177,-0.15820278227329254,0,0.039585553109645844,0.9974221587181091,-0.06003343313932419,0,0.15601198375225067,-0.06551424413919449,-0.985609769821167,0,-0.22148707509040833,1.4745172262191772,0.7062081694602966,1],[-0.998720645904541,0,0.05056813359260559,0,0,1,0,0,-0.05056813359260559,0,-0.998720645904541,0,0.3322882652282715,1.2885326147079468,-0.010637342929840088,1],{"axes":[0.666900634765625,-0.39702436327934265],"buttons":[{"pressed":false,"touched":true,"value":0},{"pressed":false,"touched":false,"value":0},{"pressed":false,"touched":false,"value":0},{"pressed":false,"touched":false,"value":0}],"pose":{"position":[0.7169797420501709,-0.7034045457839966,0.18941664695739746],"orientation":[0.1313571333885193,0.15857845544815063,-0.09094943106174469,0.9743338227272034]}},{"axes":[0.23800748586654663,0.8152923583984375],"buttons":[{"pressed":false,"touched":true,"value":0},{"pressed":false,"touched":false,"value":0},{"pressed":false,"touched":false,"value":0},{"pressed":false,"touched":false,"value":0}],"pose":{"position":[0.7705986499786377,-0.6942223310470581,0.20692932605743408],"orientation":[0.11644823104143143,0.007129366043955088,0.2586824297904968,0.9588912129402161]}}],[[-0.986794650554657,0.029299302026629448,-0.15953950583934784,0,0.039082203060388565,0.9975308775901794,-0.058538179844617844,0,0.15742743015289307,-0.06399909406900406,-0.9854843020439148,0,-0.22139906883239746,1.474069595336914,0.7052118182182312,1],[-0.998720645904541,0,0.05056813359260559,0,0,1,0,0,-0.05056813359260559,0,-0.998720645904541,0,0.3322882652282715,1.2885326147079468,-0.010637342929840088,1],{"axes":[0.664731502532959,-0.2924001216888428],"buttons":[{"pressed":false,"touched":true,"value":0},{"pressed":false,"touched":false,"value":0},{"pressed":false,"touched":false,"value":0},{"pressed":false,"touched":false,"value":0}],"pose":{"position":[0.7169747352600098,-0.7034447193145752,0.1894017457962036],"orientation":[0.13131843507289886,0.15852977335453033,-0.09095384925603867,0.9743465185165405]}},{"axes":[0.2218615561723709,0.8158947825431824],"buttons":[{"pressed":false,"touched":true,"value":0},{"pressed":false,"touched":false,"value":0},{"pressed":false,"touched":false,"value":0},{"pressed":false,"touched":false,"value":0}],"pose":{"position":[0.7709152698516846,-0.6942007541656494,0.20699918270111084],"orientation":[0.11653725802898407,0.007028324995189905,0.2585505545139313,0.9589167237281799]}}],[[-0.986434280872345,0.030129441991448402,-0.16160064935684204,0,0.03951519355177879,0.9977046251296997,-0.05519071966409683,0,0.1595637947320938,-0.060826532542705536,-0.9853416681289673,0,-0.22158315777778625,1.4735270738601685,0.7040749192237854,1],[-0.998720645904541,0,0.05056813359260559,0,0,1,0,0,-0.05056813359260559,0,-0.998720645904541,0,0.3322882652282715,1.2885326147079468,-0.010637342929840088,1],{"axes":[0.6633007526397705,-0.35183537006378174],"buttons":[{"pressed":false,"touched":true,"value":0},{"pressed":false,"touched":false,"value":0},{"pressed":false,"touched":false,"value":0},{"pressed":false,"touched":false,"value":0}],"pose":{"position":[0.7173008918762207,-0.7032275199890137,0.18945986032485962],"orientation":[0.1314244419336319,0.15848225355148315,-0.09107541292905807,0.9743286371231079]}},{"axes":[0.19407059252262115,0.8178738951683044],"buttons":[{"pressed":false,"touched":true,"value":0},{"pressed":false,"touched":false,"value":0},{"pressed":false,"touched":false,"value":0},{"pressed":false,"touched":false,"value":0}],"pose":{"position":[0.7708084583282471,-0.6941715478897095,0.20721673965454102],"orientation":[0.11674249917268753,0.007124138996005058,0.25851166248321533,0.9589015245437622]}}],[[-0.9858478903770447,0.03070840984582901,-0.16503344476222992,0,0.03904137387871742,0.9981192350387573,-0.04749462753534317,0,0.16326144337654114,-0.05326458811759949,-0.985173761844635,0,-0.221771240234375,1.4729470014572144,0.7027836441993713,1],[-0.998720645904541,0,0.05056813359260559,0,0,1,0,0,-0.05056813359260559,0,-0.998720645904541,0,0.3322882652282715,1.2885326147079468,-0.010637342929840088,1],{"axes":[0.6622443795204163,-0.2513873875141144],"buttons":[{"pressed":false,"touched":true,"value":0},{"pressed":false,"touched":false,"value":0},{"pressed":false,"touched":false,"value":0},{"pressed":false,"touched":false,"value":0}],"pose":{"position":[0.7172918319702148,-0.7032307386398315,0.18945491313934326],"orientation":[0.13137805461883545,0.1584906131029129,-0.0911470502614975,0.9743267893791199]}},{"axes":[0.19407059252262115,0.8178738951683044],"buttons":[{"pressed":false,"touched":true,"value":0},{"pressed":false,"touched":false,"value":0},{"pressed":false,"touched":false,"value":0},{"pressed":false,"touched":false,"value":0}],"pose":{"position":[0.7707884311676025,-0.6940807104110718,0.2072354555130005],"orientation":[0.11671798676252365,0.007126230280846357,0.2585178315639496,0.9589028358459473]}}],[[-0.9850771427154541,0.029840104281902313,-0.1697283536195755,0,0.035877570509910583,0.9988346099853516,-0.032621804624795914,0,0.16855388879776,-0.03822370246052742,-0.9849809408187866,0,-0.2222476750612259,1.4720537662506104,0.7010543346405029,1],[-0.998720645904541,0,0.05056813359260559,0,0,1,0,0,-0.05056813359260559,0,-0.998720645904541,0,0.3322882652282715,1.2885326147079468,-0.010637342929840088,1],{"axes":[0.661573052406311,-0.3263736665248871],"buttons":[{"pressed":false,"touched":true,"value":0},{"pressed":false,"touched":false,"value":0},{"pressed":false,"touched":false,"value":0},{"pressed":false,"touched":false,"value":0}],"pose":{"position":[0.7170615196228027,-0.7030724287033081,0.18963366746902466],"orientation":[0.13149267435073853,0.15855632722377777,-0.09105054289102554,0.9743096828460693]}},{"axes":[0.18108464777469635,0.819412887096405],"buttons":[{"pressed":false,"touched":true,"value":0},{"pressed":false,"touched":false,"value":0},{"pressed":false,"touched":false,"value":0},{"pressed":false,"touched":false,"value":0}],"pose":{"position":[0.7707607746124268,-0.693972110748291,0.2070101499557495],"orientation":[0.11655522137880325,0.007010280154645443,0.2585279047489166,0.9589207768440247]}}],[[-0.9836292862892151,0.025885257869958878,-0.17854547500610352,0,0.028675246983766556,0.9995143413543701,-0.013067406602203846,0,0.17811711132526398,-0.017972975969314575,-0.9838750958442688,0,-0.22272878885269165,1.4710832834243774,0.699058473110199,1],[-0.998720645904541,0,0.05056813359260559,0,0,1,0,0,-0.05056813359260559,0,-0.998720645904541,0,0.3322882652282715,1.2885326147079468,-0.010637342929840088,1],{"axes":[0.6607131958007812,-0.23127207159996033],"buttons":[{"pressed":false,"touched":true,"value":0},{"pressed":false,"touched":false,"value":0},{"pressed":false,"touched":false,"value":0},{"pressed":false,"touched":false,"value":0}],"pose":{"position":[0.7173397541046143,-0.7031689882278442,0.18975752592086792],"orientation":[0.1315397471189499,0.15857431292533875,-0.09114778786897659,0.9742913246154785]}},{"axes":[0.17749975621700287,0.8199271559715271],"buttons":[{"pressed":false,"touched":true,"value":0},{"pressed":false,"touched":false,"value":0},{"pressed":false,"touched":false,"value":0},{"pressed":false,"touched":false,"value":0}],"pose":{"position":[0.7707223892211914,-0.693902850151062,0.20699506998062134],"orientation":[0.11653834581375122,0.007067438680678606,0.25850710272789,0.9589279890060425]}}],[[-0.9816840887069702,0.01925012283027172,-0.18973921239376068,0,0.018198829144239426,0.9998188614845276,0.007279124576598406,0,0.1898413598537445,0.0036926993634551764,-0.9818378686904907,0,-0.2233046293258667,1.4697345495224,0.6966718435287476,1],[-0.998720645904541,0,0.05056813359260559,0,0,1,0,0,-0.05056813359260559,0,-0.998720645904541,0,0.3322882652282715,1.2885326147079468,-0.010637342929840088,1],{"axes":[0.6598184108734131,-0.22081300616264343],"buttons":[{"pressed":false,"touched":true,"value":0},{"pressed":false,"touched":false,"value":0},{"pressed":false,"touched":false,"value":0},{"pressed":false,"touched":false,"value":0}],"pose":{"position":[0.7172126770019531,-0.7030048370361328,0.18939876556396484],"orientation":[0.1314159333705902,0.1584944725036621,-0.09116290509700775,0.974319577217102]}},{"axes":[0.17503419518470764,0.8201709985733032],"buttons":[{"pressed":false,"touched":true,"value":0},{"pressed":false,"touched":false,"value":0},{"pressed":false,"touched":false,"value":0},{"pressed":false,"touched":false,"value":0}],"pose":{"position":[0.770658016204834,-0.6939373016357422,0.20700734853744507],"orientation":[0.11650381982326508,0.006993254646658897,0.25858670473098755,0.9589112997055054]}}],[[-0.9805724024772644,0.01660887338221073,-0.19564533233642578,0,0.013947837986052036,0.9998016357421875,0.014969509094953537,0,0.1958514153957367,0.011949630454182625,-0.9805908799171448,0,-0.22409528493881226,1.4686646461486816,0.695785641670227,1],[-0.998720645904541,0,0.05056813359260559,0,0,1,0,0,-0.05056813359260559,0,-0.998720645904541,0,0.3322882652282715,1.2885326147079468,-0.010637342929840088,1],{"axes":[0.6598184108734131,-0.22081300616264343],"buttons":[{"pressed":false,"touched":true,"value":0},{"pressed":false,"touched":false,"value":0},{"pressed":false,"touched":false,"value":0},{"pressed":false,"touched":false,"value":0}],"pose":{"position":[0.7172138690948486,-0.7030153274536133,0.18937522172927856],"orientation":[0.13136081397533417,0.1584480106830597,-0.09116209298372269,0.9743346571922302]}},{"axes":[0.17503419518470764,0.8201709985733032],"buttons":[{"pressed":false,"touched":true,"value":0},{"pressed":false,"touched":false,"value":0},{"pressed":false,"touched":false,"value":0},{"pressed":false,"touched":false,"value":0}],"pose":{"position":[0.7706344127655029,-0.693895697593689,0.20699673891067505],"orientation":[0.1164708137512207,0.006948363967239857,0.2586311399936676,0.9589036703109741]}}],[[-0.9797077178955078,0.016151420772075653,-0.19996803998947144,0,0.012176934629678726,0.9997144341468811,0.021088233217597008,0,0.20024771988391876,0.018224958330392838,-0.9796059727668762,0,-0.22425134479999542,1.4676188230514526,0.6942169070243835,1],[-0.998720645904541,0,0.05056813359260559,0,0,1,0,0,-0.05056813359260559,0,-0.998720645904541,0,0.3322882652282715,1.2885326147079468,-0.010637342929840088,1],{"axes":[0.6598379611968994,-0.3109079897403717],"buttons":[{"pressed":false,"touched":true,"value":0},{"pressed":false,"touched":false,"value":0},{"pressed":false,"touched":false,"value":0},{"pressed":false,"touched":false,"value":0}],"pose":{"position":[0.7169396877288818,-0.7027517557144165,0.18928015232086182],"orientation":[0.1312812715768814,0.15848487615585327,-0.09115604311227798,0.9743399620056152]}},{"axes":[0.20094411075115204,0.8204360008239746],"buttons":[{"pressed":false,"touched":true,"value":0},{"pressed":false,"touched":false,"value":0},{"pressed":false,"touched":false,"value":0},{"pressed":false,"touched":false,"value":0}],"pose":{"position":[0.7712173461914062,-0.6944711208343506,0.20731449127197266],"orientation":[0.11660098284482956,0.006750389002263546,0.2586187422275543,0.9588925838470459]}}],[[-0.9787179231643677,0.016749540343880653,-0.20470982789993286,0,0.01096382550895214,0.9995196461677551,0.02936352789402008,0,0.20509938895702362,0.026493703946471214,-0.9784127473831177,0,-0.22445639967918396,1.46669340133667,0.6927741765975952,1],[-0.998720645904541,0,0.05056813359260559,0,0,1,0,0,-0.05056813359260559,0,-0.998720645904541,0,0.3322882652282715,1.2885326147079468,-0.010637342929840088,1],{"axes":[0.659919261932373,-0.3740576207637787],"buttons":[{"pressed":false,"touched":true,"value":0},{"pressed":false,"touched":false,"value":0},{"pressed":false,"touched":false,"value":0},{"pressed":false,"touched":false,"value":0}],"pose":{"position":[0.7171070575714111,-0.7030670642852783,0.1893002986907959],"orientation":[0.13131441175937653,0.15851083397865295,-0.09100339561700821,0.9743455648422241]}},{"axes":[0.1926315873861313,0.8211521506309509],"buttons":[{"pressed":false,"touched":true,"value":0},{"pressed":false,"touched":false,"value":0},{"pressed":false,"touched":false,"value":0},{"pressed":false,"touched":false,"value":0}],"pose":{"position":[0.771193265914917,-0.6943726539611816,0.20730555057525635],"orientation":[0.1165749728679657,0.006724955514073372,0.25863808393478394,0.9588907361030579]}}],[[-0.9771685600280762,0.017418455332517624,-0.21192844212055206,0,0.007001472637057304,0.9987454414367676,0.04980447143316269,0,0.21252602338790894,0.04718264937400818,-0.9760459661483765,0,-0.2286437302827835,1.4639784097671509,0.6920461058616638,1],[-0.998720645904541,0,0.05056813359260559,0,0,1,0,0,-0.05056813359260559,0,-0.998720645904541,0,0.3322882652282715,1.2885326147079468,-0.010637342929840088,1],{"axes":[0.6600167751312256,-0.4179482161998749],"but