[[[-0.9697247743606567,0.02822916768491268,-0.24271084368228912,0,0.06985694169998169,0.9838765859603882,-0.16467328369617462,0,0.23414550721645355,-0.17664021253585815,-0.956047534942627,0,-0.17747807502746582,1.470737099647522,0.7895044088363647,1],[-0.998720645904541,0,0.05056813359260559,0,0,1,0,0,-0.05056813359260559,0,-0.998720645904541,0,0.3322882652282715,1.2885326147079468,-0.010637342929840088,1],{"axes":[0.6552198529243469,-0.24340158700942993],"buttons":[{"pressed":false,"touched":true,"value":0},{"pressed":false,"touched":false,"value":0},{"pressed":false,"touched":false,"value":0},{"pressed":false,"touched":false,"value":0}],"pose":{"position":[0.7027862071990967,-0.6988613605499268,0.17895066738128662],"orientation":[0.1506001353263855,0.1509760618209839,-0.02254701778292656,0.9767381548881531]}},{"axes":[0.1947312206029892,0.8285706043243408],"buttons":[{"pressed":false,"touched":true,"value":0},{"pressed":false,"touched":false,"value":0},{"pressed":false,"touched":false,"value":0},{"pressed":false,"touched":false,"value":0}],"pose":{"position":[0.7849369049072266,-0.704635739326477,0.21206802129745483],"orientation":[0.12321460992097855,0.026486163958907127,0.24776671826839447,0.9605875015258789]}}],[[-0.9697415828704834,0.027594810351729393,-0.24271683394908905,0,0.06901176273822784,0.9840742945671082,-0.1638462096452713,0,0.23432664573192596,-0.17563621699810028,-0.9561881422996521,0,-0.17736539244651794,1.4707481861114502,0.7894524931907654,1],[-0.998720645904541,0,0.05056813359260559,0,0,1,0,0,-0.05056813359260559,0,-0.998720645904541,0,0.3322882652282715,1.2885326147079468,-0.010637342929840088,1],{"axes":[0.6548933386802673,-0.32454347610473633],"buttons":[{"pressed":false,"touched":true,"value":0},{"pressed":false,"touched":false,"value":0},{"pressed":false,"touched":false,"value":0},{"pressed":false,"touched":false,"value":0}],"pose":{"position":[0.7027814388275146,-0.6989840269088745,0.17941594123840332],"orientation":[0.1506950408220291,0.1510196328163147,-0.022536110132932663,0.9767170548439026]}},{"axes":[0.21028286218643188,0.8291292190551758],"buttons":[{"pressed":false,"touched":true,"value":0},{"pressed":false,"touched":false,"value":0},{"pressed":false,"touched":false,"value":0},{"pressed":false,"touched":false,"value":0}],"pose":{"position":[0.7853271961212158,-0.7050298452377319,0.21212339401245117],"orientation":[0.12322639673948288,0.026431817561388016,0.2478960156440735,0.9605541229248047]}}],[[-0.9698856472969055,0.02784649096429348,-0.2421119660139084,0,0.06911822408437729,0.9840914607048035,-0.16369815170764923,0,0.23369848728179932,-0.1755002737045288,-0.9563668966293335,0,-0.17760860919952393,1.4706320762634277,0.7896183133125305,1],[-0.998720645904541,0,0.05056813359260559,0,0,1,0,0,-0.05056813359260559,0,-0.998720645904541,0,0.3322882652282715,1.2885326147079468,-0.010637342929840088,1],{"axes":[0.6548933386802673,-0.32454347610473633],"buttons":[{"pressed":false,"touched":true,"value":0},{"pressed":false,"touched":false,"value":0},{"pressed":false,"touched":false,"value":0},{"pressed":false,"touched":false,"value":0}],"pose":{"position":[0.703343391418457,-0.6989067792892456,0.17958831787109375],"orientation":[0.15078885853290558,0.1510363072156906,-0.022703437134623528,0.9766961336135864]}},{"axes":[0.21028286218643188,0.8291292190551758],"buttons":[{"pressed":false,"touched":true,"value":0},{"pressed":false,"touched":false,"value":0},{"pressed":false,"touched":false,"value":0},{"pressed":false,"touched":false,"value":0}],"pose":{"position":[0.7853412628173828,-0.7050217390060425,0.2121153473854065],"orientation":[0.12330001592636108,0.026475753635168076,0.24784468114376068,0.96055668592453]}}],[[-0.9699752330780029,0.027847478166222572,-0.24175281822681427,0,0.06925125420093536,0.9839461445808411,-0.16451342403888702,0,0.2332870364189148,-0.17631304264068604,-0.9563178420066833,0,-0.17715765535831451,1.4706811904907227,0.789420485496521,1],[-0.998720645904541,0,0.05056813359260559,0,0,1,0,0,-0.05056813359260559,0,-0.998720645904541,0,0.3322882652282715,1.2885326147079468,-0.010637342929840088,1],{"axes":[0.6548933386802673,-0.32454347610473633],"buttons":[{"pressed":false,"touched":true,"value":0},{"pressed":false,"touched":false,"value":0},{"pressed":false,"touched":false,"value":0},{"pressed":false,"touched":false,"value":0}],"pose":{"position":[0.7033171653747559,-0.6988705396652222,0.17956364154815674],"orientation":[0.15078599750995636,0.15097413957118988,-0.022688336670398712,0.9767065048217773]}},{"axes":[0.19502320885658264,0.8297763466835022],"buttons":[{"pressed":false,"touched":true,"value":0},{"pressed":false,"touched":false,"value":0},{"pressed":false,"touched":false,"value":0},{"pressed":false,"touched":false,"value":0}],"pose":{"position":[0.7853496074676514,-0.7050571441650391,0.2121044397354126],"orientation":[0.12327439337968826,0.02657294273376465,0.24788393080234528,0.960547149181366]}}],[[-0.9700761437416077,0.027582693845033646,-0.24137815833091736,0,0.06904617697000504,0.9838687181472778,-0.16506177186965942,0,0.23292814195156097,-0.1767861247062683,-0.9563180208206177,0,-0.17703606188297272,1.4706653356552124,0.7893797159194946,1],[-0.998720645904541,0,0.05056813359260559,0,0,1,0,0,-0.05056813359260559,0,-0.998720645904541,0,0.3322882652282715,1.2885326147079468,-0.010637342929840088,1],{"axes":[0.6546721458435059,-0.22639550268650055],"buttons":[{"pressed":false,"touched":true,"value":0},{"pressed":false,"touched":false,"value":0},{"pressed":false,"touched":false,"value":0},{"pressed":false,"touched":false,"value":0}],"pose":{"position":[0.7032196521759033,-0.6986863613128662,0.1792309284210205],"orientation":[0.1506679505109787,0.1508956402540207,-0.022722464054822922,0.9767360687255859]}},{"axes":[0.19130738079547882,0.8302393555641174],"buttons":[{"pressed":false,"touched":true,"value":0},{"pressed":false,"touched":false,"value":0},{"pressed":false,"touched":false,"value":0},{"pressed":false,"touched":false,"value":0}],"pose":{"position":[0.785271167755127,-0.7052377462387085,0.21215307712554932],"orientation":[0.1232832819223404,0.026567615568637848,0.24800775945186615,0.9605141878128052]}}],[[-0.9702168703079224,0.02776731364428997,-0.2407907247543335,0,0.06914828717708588,0.9838442802429199,-0.16516466438770294,0,0.23231101036071777,-0.1768932193517685,-0.9564483761787415,0,-0.17723941802978516,1.4705610275268555,0.7895548939704895,1],[-0.998720645904541,0,0.05056813359260559,0,0,1,0,0,-0.05056813359260559,0,-0.998720645904541,0,0.3322882652282715,1.2885326147079468,-0.010637342929840088,1],{"axes":[0.6546059250831604,-0.16186931729316711],"buttons":[{"pressed":false,"touched":true,"value":0},{"pressed":false,"touched":false,"value":0},{"pressed":false,"touched":false,"value":0},{"pressed":false,"touched":false,"value":0}],"pose":{"position":[0.7031748294830322,-0.6988010406494141,0.17921072244644165],"orientation":[0.15072178840637207,0.1509685516357422,-0.022651856765151024,0.9767181277275085]}},{"axes":[0.20607870817184448,0.8301132917404175],"buttons":[{"pressed":false,"touched":true,"value":0},{"pressed":false,"touched":false,"value":0},{"pressed":false,"touched":false,"value":0},{"pressed":false,"touched":false,"value":0}],"pose":{"position":[0.7852821350097656,-0.705242395401001,0.21215176582336426],"orientation":[0.12328062206506729,0.026557518169283867,0.2480372041463852,0.9605072140693665]}}],[[-0.970279335975647,0.027758672833442688,-0.24053998291492462,0,0.06939204782247543,0.9836190342903137,-0.16639938950538635,0,0.23197729885578156,-0.17814286053180695,-0.9562974572181702,0,-0.1767643243074417,1.4706059694290161,0.7893811464309692,1],[-0.998720645904541,0,0.05056813359260559,0,0,1,0,0,-0.05056813359260559,0,-0.998720645904541,0,0.3322882652282715,1.2885326147079468,-0.010637342929840088,1],{"axes":[0.6546121835708618,-0.11566926538944244],"buttons":[{"pressed":false,"touched":true,"value":0},{"pressed":false,"touched":false,"value":0},{"pressed":false,"touched":false,"value":0},{"pressed":false,"touched":false,"value":0}],"pose":{"position":[0.7031409740447998,-0.6987712383270264,0.17917096614837646],"orientation":[0.15060493350028992,0.15097354352474213,-0.022669939324259758,0.97673499584198]}},{"axes":[0.20775707066059113,0.8303196430206299],"buttons":[{"pressed":false,"touched":true,"value":0},{"pressed":false,"touched":false,"value":0},{"pressed":false,"touched":false,"value":0},{"pressed":false,"touched":false,"value":0}],"pose":{"position":[0.7852773666381836,-0.705330491065979,0.21230995655059814],"orientation":[0.12342063337564468,0.02657770924270153,0.24804477393627167,0.9604867100715637]}}],[[-0.9702697992324829,0.028002066537737846,-0.24055036902427673,0,0.06949954479932785,0.9837097525596619,-0.1658172458410263,0,0.23198513686656952,-0.17760302126407623,-0.9563960433006287,0,-0.17690657079219818,1.47042977809906,0.7895516157150269,1],[-0.998720645904541,0,0.05056813359260559,0,0,1,0,0,-0.05056813359260559,0,-0.998720645904541,0,0.3322882652282715,1.2885326147079468,-0.010637342929840088,1],{"axes":[0.6547349095344543,-0.08781539648771286],"buttons":[{"pressed":false,"touched":true,"value":0},{"pressed":false,"touched":false,"value":0},{"pressed":false,"touched":false,"value":0},{"pressed":false,"touched":false,"value":0}],"pose":{"position":[0.7032992839813232,-0.698703408241272,0.17914432287216187],"orientation":[0.1507183313369751,0.15090616047382355,-0.02277846448123455,0.9767253994941711]}},{"axes":[0.21292956173419952,0.8299278020858765],"buttons":[{"pressed":false,"touched":true,"value":0},{"pressed":false,"touched":false,"value":0},{"pressed":false,"touched":false,"value":0},{"pressed":false,"touched":false,"value":0}],"pose":{"position":[0.7852985858917236,-0.7053706645965576,0.21235430240631104],"orientation":[0.12345189601182938,0.02655022218823433,0.2480194866657257,0.9604899883270264]}}],[[-0.9699850082397461,0.027409354224801064,-0.24176424741744995,0,0.06871098279953003,0.9840510487556458,-0.16411200165748596,0,0.23340675234794617,-0.17579549551010132,-0.9563841223716736,0,-0.17654265463352203,1.470396876335144,0.7892469763755798,1],[-0.998720645904541,0,0.05056813359260559,0,0,1,0,0,-0.05056813359260559,0,-0.998720645904541,0,0.3322882652282715,1.2885326147079468,-0.010637342929840088,1],{"axes":[0.6549296975135803,-0.0661887526512146],"buttons":[{"pressed":false,"touched":true,"value":0},{"pressed":false,"touched":false,"value":0},{"pressed":false,"touched":false,"value":0},{"pressed":false,"touched":false,"value":0}],"pose":{"position":[0.7033638954162598,-0.6987996101379395,0.1792234182357788],"orientation":[0.15066567063331604,0.15091420710086823,-0.02280690334737301,0.9767315983772278]}},{"axes":[0.20137229561805725,0.8298558592796326],"buttons":[{"pressed":false,"touched":true,"value":0},{"pressed":false,"touched":false,"value":0},{"pressed":false,"touched":false,"value":0},{"pressed":false,"touched":false,"value":0}],"pose":{"position":[0.7853224277496338,-0.705216646194458,0.2123725414276123],"orientation":[0.12340354919433594,0.026471249759197235,0.24793316423892975,0.9605206847190857]}}],[[-0.9697698354721069,0.027082018554210663,-0.24266280233860016,0,0.06808700412511826,0.9844051599502563,-0.16223765909671783,0,0.2344813495874405,-0.1738528162240982,-0.9564763903617859,0,-0.1762346774339676,1.4702987670898438,0.7890967130661011,1],[-0.998720645904541,0,0.05056813359260559,0,0,1,0,0,-0.05056813359260559,0,-0.998720645904541,0,0.3322882652282715,1.2885326147079468,-0.010637342929840088,1],{"axes":[0.6553449630737305,-0.047796402126550674],"buttons":[{"pressed":false,"touched":true,"value":0},{"pressed":false,"touched":false,"value":0},{"pressed":false,"touched":false,"value":0},{"pressed":false,"touched":false,"value":0}],"pose":{"position":[0.7030296325683594,-0.6990667581558228,0.17920130491256714],"orientation":[0.15066176652908325,0.1509687602519989,-0.022651197388768196,0.9767273664474487]}},{"axes":[0.1873759776353836,0.8292354345321655],"buttons":[{"pressed":false,"touched":true,"value":0},{"pressed":false,"touched":false,"value":0},{"pressed":false,"touched":false,"value":0},{"pressed":false,"touched":false,"value":0}],"pose":{"position":[0.78521728515625,-0.705377459526062,0.2122788429260254],"orientation":[0.12330769002437592,0.026564249768853188,0.2480822503566742,0.960491955280304]}}],[[-0.9701308608055115,0.027980079874396324,-0.2411128729581833,0,0.06881149858236313,0.9842876195907593,-0.162644624710083,0,0.23277021944522858,-0.17437537014484406,-0.9567992091178894,0,-0.17601141333580017,1.4702565670013428,0.7890034317970276,1],[-0.998720645904541,0,0.05056813359260559,0,0,1,0,0,-0.05056813359260559,0,-0.998720645904541,0,0.3322882652282715,1.2885326147079468,-0.010637342929840088,1],{"axes":[0.6557842493057251,-0.03749039024114609],"buttons":[{"pressed":false,"touched":true,"value":0},{"pressed":false,"touched":false,"value":0},{"pressed":false,"touched":false,"value":0},{"pressed":false,"touched":false,"value":0}],"pose":{"position":[0.7028818130493164,-0.6990232467651367,0.17942649126052856],"orientation":[0.15069352090358734,0.15100567042827606,-0.022661063820123672,0.9767165780067444]}},{"axes":[0.17777597904205322,0.8281496167182922],"buttons":[{"pressed":false,"touched":true,"value":0},{"pressed":false,"touched":false,"value":0},{"pressed":false,"touched":false,"value":0},{"pressed":false,"touched":false,"value":0}],"pose":{"position":[0.7848892211914062,-0.7050948143005371,0.2122352123260498],"orientation":[0.12328001856803894,0.02644449844956398,0.24795903265476227,0.9605305790901184]}}],[[-0.9703083038330078,0.02674148604273796,-0.24053874611854553,0,0.06811167299747467,0.983881413936615,-0.16537407040596008,0,0.2322358638048172,-0.1768447458744049,-0.9564757943153381,0,-0.1759505569934845,1.470130205154419,0.7891964316368103,1],[-0.998720645904541,0,0.05056813359260559,0,0,1,0,0,-0.05056813359260559,0,-0.998720645904541,0,0.3322882652282715,1.2885326147079468,-0.010637342929840088,1],{"axes":[0.655997097492218,-0.03623020648956299],"buttons":[{"pressed":false,"touched":true,"value":0},{"pressed":false,"touched":false,"value":0},{"pressed":false,"touched":false,"value":0},{"pressed":false,"touched":false,"value":0}],"pose":{"position":[0.703009843826294,-0.6991567611694336,0.17940843105316162],"orientation":[0.15073612332344055,0.1509537547826767,-0.022688008844852448,0.9767173528671265]}},{"axes":[0.1954084038734436,0.8274561166763306],"buttons":[{"pressed":false,"touched":true,"value":0},{"pressed":false,"touched":false,"value":0},{"pressed":false,"touched":false,"value":0},{"pressed":false,"touched":false,"value":0}],"pose":{"position":[0.7853639125823975,-0.7053340673446655,0.21237510442733765],"orientation":[0.12338398396968842,0.026399662718176842,0.24784761667251587,0.9605472683906555]}}],[[-0.9705675840377808,0.025930078700184822,-0.23957982659339905,0,0.06762641668319702,0.9835532307624817,-0.16751159727573395,0,0.23129253089427948,-0.17878063023090363,-0.956344485282898,0,-0.17548032104969025,1.4703092575073242,0.7889690399169922,1],[-0.998720645904541,0,0.05056813359260559,0,0,1,0,0,-0.05056813359260559,0,-0.998720645904541,0,0.3322882652282715,1.2885326147079468,-0.010637342929840088,1],{"axes":[0.6561866998672485,-0.03536016121506691],"buttons":[{"pressed":false,"touched":true,"value":0},{"pressed":false,"touched":false,"value":0},{"pressed":false,"touched":false,"value":0},{"pressed":false,"touched":false,"value":0}],"pose":{"position":[0.7029223442077637,-0.6991020441055298,0.17919659614562988],"orientation":[0.15060696005821228,0.15086932480335236,-0.02269916981458664,0.9767500758171082]}},{"axes":[0.21031273901462555,0.8266777992248535],"buttons":[{"pressed":false,"touched":true,"value":0},{"pressed":false,"touched":false,"value":0},{"pressed":false,"touched":false,"value":0},{"pressed":false,"touched":false,"value":0}],"pose":{"position":[0.7849040031433105,-0.7048828601837158,0.21217107772827148],"orientation":[0.12330418825149536,0.026428716257214546,0.24776268005371094,0.9605786204338074]}}],[[-0.9707270264625549,0.02578982524573803,-0.23894824087619781,0,0.06794711202383041,0.9831167459487915,-0.1699266880750656,0,0.23052829504013062,-0.18118564784526825,-0.956076443195343,0,-0.1753235012292862,1.4703658819198608,0.7889404296875,1],[-0.998720645904541,0,0.05056813359260559,0,0,1,0,0,-0.05056813359260559,0,-0.998720645904541,0,0.3322882652282715,1.2885326147079468,-0.010637342929840088,1],{"axes":[0.6561866998672485,-0.03536016121506691],"buttons":[{"pressed":false,"touched":true,"value":0},{"pressed":false,"touched":false,"value":0},{"pressed":false,"touched":false,"value":0},{"pressed":false,"touched":false,"value":0}],"pose":{"position":[0.7033872604370117,-0.6989867687225342,0.17934274673461914],"orientation":[0.15074744820594788,0.1509549766778946,-0.02281212992966175,0.9767125248908997]}},{"axes":[0.21031273901462555,0.8266777992248535],"buttons":[{"pressed":false,"touched":true,"value":0},{"pressed":false,"touched":false,"value":0},{"pressed":false,"touched":false,"value":0},{"pressed":false,"touched":false,"value":0}],"pose":{"position":[0.7854313850402832,-0.7051910161972046,0.21229785680770874],"orientation":[0.1233140379190445,0.02641941048204899,0.2476813793182373,0.9605985879898071]}}],[[-0.9708849787712097,0.025829654186964035,-0.2383013814687729,0,0.06828269362449646,0.9827903509140015,-0.1716712862253189,0,0.2297627478837967,-0.18294228613376617,-0.955926239490509,0,-0.17554648220539093,1.470267415046692,0.7891994118690491,1],[-0.998720645904541,0,0.05056813359260559,0,0,1,0,0,-0.05056813359260559,0,-0.998720645904541,0,0.3322882652282715,1.2885326147079468,-0.010637342929840088,1],{"axes":[0.6563272476196289,-0.032593850046396255],"buttons":[{"pressed":false,"touched":true,"value":0},{"pressed":false,"touched":false,"value":0},{"pressed":false,"touched":false,"value":0},{"pressed":false,"touched":false,"value":0}],"pose":{"position":[0.7033934593200684,-0.6989699602127075,0.17931175231933594],"orientation":[0.15068115293979645,0.15087446570396423,-0.022934280335903168,0.9767323732376099]}},{"axes":[0.19016487896442413,0.8261617422103882],"buttons":[{"pressed":false,"touched":true,"value":0},{"pressed":false,"touched":false,"value":0},{"pressed":false,"touched":false,"value":0},{"pressed":false,"touched":false,"value":0}],"pose":{"position":[0.7854452133178711,-0.7052069902420044,0.21231389045715332],"orientation":[0.12338301539421082,0.02645435743033886,0.24772921204566956,0.9605764150619507]}}],[[-0.9709818363189697,0.026681873947381973,-0.23781231045722961,0,0.06912227720022202,0.9826793074607849,-0.1719706952571869,0,0.22910141944885254,-0.18341590464115143,-0.955994188785553,0,-0.1752430498600006,1.470367670059204,0.7889922261238098,1],[-0.998720645904541,0,0.05056813359260559,0,0,1,0,0,-0.05056813359260559,0,-0.998720645904541,0,0.3322882652282715,1.2885326147079468,-0.010637342929840088,1],{"axes":[0.6564372777938843,-0.03268164396286011],"buttons":[{"pressed":false,"touched":true,"value":0},{"pressed":false,"touched":false,"value":0},{"pressed":false,"touched":false,"value":0},{"pressed":false,"touched":false,"value":0}],"pose":{"position":[0.7033483982086182,-0.6989215612411499,0.17930078506469727],"orientation":[0.1507275253534317,0.15100744366645813,-0.022837264463305473,0.9767069220542908]}},{"axes":[0.1830933541059494,0.8265450596809387],"buttons":[{"pressed":false,"touched":true,"value":0},{"pressed":false,"touched":false,"value":0},{"pressed":false,"touched":false,"value":0},{"pressed":false,"touched":false,"value":0}],"pose":{"position":[0.7850339412689209,-0.7048225402832031,0.21213698387145996],"orientation":[0.12328128516674042,0.026451541110873222,0.2477785348892212,0.9605768322944641]}}],[[-0.970795750617981,0.02783670462667942,-0.2384389489889145,0,0.0701691061258316,0.982782244682312,-0.17095550894737244,0,0.2295714020729065,-0.182691290974617,-0.9560202360153198,0,-0.17527540028095245,1.4702593088150024,0.7889049053192139,1],[-0.998720645904541,0,0.05056813359260559,0,0,1,0,0,-0.05056813359260559,0,-0.998720645904541,0,0.3322882652282715,1.2885326147079468,-0.010637342929840088,1],{"axes":[0.6565507054328918,-0.12398795783519745],"buttons":[{"pressed":false,"touched":true,"value":0},{"pressed":false,"touched":false,"value":0},{"pressed":false,"touched":false,"value":0},{"pressed":false,"touched":false,"value":0}],"pose":{"position":[0.7030472755432129,-0.6992703676223755,0.17922186851501465],"orientation":[0.15056610107421875,0.15097348392009735,-0.02274049073457718,0.9767393469810486]}},{"axes":[0.1830933541059494,0.8265450596809387],"buttons":[{"pressed":false,"touched":true,"value":0},{"pressed":false,"touched":false,"value":0},{"pressed":false,"touched":false,"value":0},{"pressed":false,"touched":false,"value":0}],"pose":{"position":[0.7854809761047363,-0.7052100896835327,0.21224355697631836],"orientation":[0.12329748272895813,0.026444779708981514,0.24774298071861267,0.9605841040611267]}}],[[-0.97035813331604,0.027708591893315315,-0.24022860825061798,0,0.06956198066473007,0.9834111332893372,-0.16755329072475433,0,0.23159746825695038,-0.17929485440254211,-0.9561746120452881,0,-0.1756291389465332,1.4698635339736938,0.788816511631012,1],[-0.998720645904541,0,0.05056813359260559,0,0,1,0,0,-0.05056813359260559,0,-0.998720645904541,0,0.3322882652282715,1.2885326147079468,-0.010637342929840088,1],{"axes":[0.6565507054328918,-0.12398795783519745],"buttons":[{"pressed":false,"touched":true,"value":0},{"pressed":false,"touched":false,"value":0},{"pressed":false,"touched":false,"value":0},{"pressed":false,"touched":false,"value":0}],"pose":{"position":[0.7029824256896973,-0.6992290019989014,0.17920732498168945],"orientation":[0.15062269568443298,0.1510486751794815,-0.022706391289830208,0.9767197966575623]}},{"axes":[0.1799856573343277,0.8266756534576416],"buttons":[{"pressed":false,"touched":true,"value":0},{"pressed":false,"touched":false,"value":0},{"pressed":false,"touched":false,"value":0},{"pressed":false,"touched":false,"value":0}],"pose":{"position":[0.7855348587036133,-0.7052325010299683,0.21225720643997192],"orientation":[0.12333325296640396,0.026403049007058144,0.247736856341362,0.9605822563171387]}}],[[-0.9699026942253113,0.025466790422797203,-0.24230711162090302,0,0.06683696061372757,0.9841829538345337,-0.1640949249267578,0,0.2342921793460846,-0.1753486543893814,-0.956250011920929,0,-0.17517009377479553,1.4695827960968018,0.7880992889404297,1],[-0.998720645904541,0,0.05056813359260559,0,0,1,0,0,-0.05056813359260559,0,-0.998720645904541,0,0.3322882652282715,1.2885326147079468,-0.010637342929840088,1],{"axes":[0.6568619012832642,-0.0842427983880043],"buttons":[{"pressed":false,"touched":true,"value":0},{"pressed":false,"touched":false,"value":0},{"pressed":false,"touched":false,"value":0},{"pressed":false,"touched":false,"value":0}],"pose":{"position":[0.7028977870941162,-0.6992044448852539,0.17933130264282227],"orientation":[0.15061414241790771,0.15096139907836914,-0.02276439592242241,0.9767332673072815]}},{"axes":[0.17755183577537537,0.8384600281715393],"buttons":[{"pressed":false,"touched":true,"value":0},{"pressed":false,"touched":false,"value":0},{"pressed":false,"touched":false,"value":0},{"pressed":false,"touched":false,"value":0}],"pose":{"position":[0.785376787185669,-0.7052481174468994,0.21219193935394287],"orientation":[0.12323685735464096,0.02647547237575054,0.2477286458015442,0.9605947136878967]}}],[[-0.9695658683776855,0.02378537878394127,-0.24382147192955017,0,0.06496421992778778,0.9846088886260986,-0.1622818559408188,0,0.23620544373989105,-0.17318011820316315,-0.9561745524406433,0,-0.17537252604961395,1.4692800045013428,0.7878212928771973,1],[-0.998720645904541,0,0.05056813359260559,0,0,1,0,0,-0.05056813359260559,0,-0.998720645904541,0,0.3322882652282715,1.2885326147079468,-0.010637342929840088,1],{"axes":[0.6568619012832642,-0.0842427983880043],"buttons":[{"pressed":false,"touched":true,"value":0},{"pressed":false,"touched":false,"value":0},{"pressed":false,"touched":false,"value":0},{"pressed":false,"touched":false,"value":0}],"pose":{"position":[0.7033042907714844,-0.6991268396377563,0.17942506074905396],"orientation":[0.15068021416664124,0.15096703171730042,-0.022817354649305344,0.976720929145813]}},{"axes":[0.17554926872253418,0.835050642490387],"buttons":[{"pressed":false,"touched":true,"value":0},{"pressed":false,"touched":false,"value":0},{"pressed":false,"touched":false,"value":0},{"pressed":false,"touched":false,"value":0}],"pose":{"position":[0.785423994064331,-0.705263614654541,0.2121906876564026],"orientation":[0.1232636347413063,0.0263765100389719,0.24768902361392975,0.9606042504310608]}}],[[-0.9693789482116699,0.024900568649172783,-0.24445250630378723,0,0.0665040984749794,0.9843114614486694,-0.16345815360546112,0,0.23654380440711975,-0.17470747232437134,-0.9558130502700806,0,-0.1750144511461258,1.4692238569259644,0.7871420979499817,1],[-0.998720645904541,0,0.05056813359260559,0,0,1,0,0,-0.05056813359260559,0,-0.998720645904541,0,0.3322882652282715,1.2885326147079468,-0.010637342929840088,1],{"axes":[0.6571127772331238,-0.1490064114332199],"buttons":[{"pressed":false,"touched":true,"value":0},{"pressed":false,"touched":false,"value":0},{"pressed":false,"touched":false,"value":0},{"pressed":false,"touched":false,"value":0}],"pose":{"position":[0.7031917572021484,-0.6990036964416504,0.17915648221969604],"orientation":[0.15055926144123077,0.15091939270496368,-0.022872472181916237,0.9767456650733948]}},{"axes":[0.17399749159812927,0.8290430903434753],"buttons":[{"pressed":false,"touched":true,"value":0},{"pressed":false,"touched":false,"value":0},{"pressed":false,"touched":false,"value":0},{"pressed":false,"touched":false,"value":0}],"pose":{"position":[0.785308837890625,-0.7053606510162354,0.21218037605285645],"orientation":[0.12321805208921432,0.026511186733841896,0.24783240258693695,0.9605693817138672]}}],[[-0.9691376686096191,0.026416128501296043,-0.245248943567276,0,0.06849384307861328,0.9839715361595154,-0.16467855870723724,0,0.2369644045829773,-0.17639169096946716,-0.9553995132446289,0,-0.174966499209404,1.4688783884048462,0.7862175107002258,1],[-0.998720645904541,0,0.05056813359260559,0,0,1,0,0,-0.05056813359260559,0,-0.998720645904541,0,0.3322882652282715,1.2885326147079468,-0.010637342929840088,1],{"axes":[0.6572516560554504,-0.11689994484186172],"buttons":[{"pressed":false,"touched":true,"value":0},{"pressed":false,"touched":false,"value":0},{"pressed":false,"touched":false,"value":0},{"pressed":false,"touched":false,"value":0}],"pose":{"position":[0.7036244869232178,-0.6989226341247559,0.17922961711883545],"orientation":[0.15064693987369537,0.15092936158180237,-0.022899167612195015,0.9767299890518188]}},{"axes":[0.1891571283340454,0.8361871838569641],"buttons":[{"pressed":false,"touched":true,"value":0},{"pressed":false,"touched":false,"value":0},{"pressed":false,"touched":false,"value":0},{"pressed":false,"touched":false,"value":0}],"pose":{"position":[0.7850704193115234,-0.705242395401001,0.2123522162437439],"orientation":[0.12340330332517624,0.026475753635168076,0.24789348244667053,0.9605308175086975]}}],[[-0.9688796401023865,0.023775752633810043,-0.24653537571430206,0,0.06513235718011856,0.9848091006278992,-0.1609944850206375,0,0.23895908892154694,-0.1720392256975174,-0.9556963443756104,0,-0.17506977915763855,1.4682797193527222,0.7856626510620117,1],[-0.998720645904541,0,0.05056813359260559,0,0,1,0,0,-0.05056813359260559,0,-0.998720645904541,0,0.3322882652282715,1.2885326147079468,-0.010637342929840088,1],{"axes":[0.6572516560554504,-0.11689994484186172],"buttons":[{"pressed":false,"touched":true,"value":0},{"pressed":false,"touched":false,"value":0},{"pressed":false,"touched":false,"value":0},{"pressed":false,"touched":false,"value":0}],"pose":{"position":[0.7037410736083984,-0.6989644765853882,0.17916417121887207],"orientation":[0.1505824327468872,0.1509002447128296,-0.022947920486330986,0.9767432808876038]}},{"axes":[0.18488124012947083,0.8360164165496826],"buttons":[{"pressed":false,"touched":true,"value":0},{"pressed":false,"touched":false,"value":0},{"pressed":false,"touched":false,"value":0},{"pressed":false,"touched":false,"value":0}],"pose":{"position":[0.7855088710784912,-0.7054883241653442,0.21251142024993896],"orientation":[0.1235356405377388,0.02647547237575054,0.2477952241897583,0.9605391621589661]}}],[[-0.9686138033866882,0.021011169999837875,-0.24782799184322357,0,0.06202102079987526,0.985355794429779,-0.15886396169662476,0,0.2408573478460312,-0.16924592852592468,-0.9557185769081116,0,-0.17432567477226257,1.4677702188491821,0.7844464182853699,1],[-0.998720645904541,0,0.05056813359260559,0,0,1,0,0,-0.05056813359260559,0,-0.998720645904541,0,0.3322882652282715,1.2885326147079468,-0.010637342929840088,1],{"axes":[0.6574629545211792,-0.07365801185369492],"buttons":[{"pressed":false,"touched":true,"value":0},{"pressed":false,"touched":false,"value":0},{"pressed":false,"touched":false,"value":0},{"pressed":false,"touched":false,"value":0}],"pose":{"position":[0.703662633895874,-0.6988718509674072,0.17923343181610107],"orientation":[0.15058505535125732,0.15090502798557281,-0.022949542850255966,0.9767420887947083]}},{"axes":[0.18155358731746674,0.8368936777114868],"buttons":[{"pressed":false,"touched":true,"value":0},{"pressed":false,"touched":false,"value":0},{"pressed":false,"touched":false,"value":0},{"pressed":false,"touched":false,"value":0}],"pose":{"position":[0.7854721546173096,-0.705366849899292,0.21235167980194092],"orientation":[0.12340711057186127,0.026445060968399048,0.2476569265127182,0.9605922102928162]}}],[[-0.9681810736656189,0.020112231373786926,-0.249587282538414,0,0.06024273857474327,0.986203670501709,-0.1542191058397293,0,0.24303868412971497,-0.16434545814990997,-0.9560215473175049,0,-0.17408639192581177,1.4670963287353516,0.7832409143447876,1],[-0.998720645904541,0,0.05056813359260559,0,0,1,0,0,-0.05056813359260559,0,-0.998720645904541,0,0.3322882652282715,1.2885326147079468,-0.010637342929840088,1],{"axes":[0.6575790643692017,-0.05882774293422699],"buttons":[{"pressed":false,"touched":true,"value":0},{"pressed":false,"touched":false,"value":0},{"pressed":false,"touched":false,"value":0},{"pressed":false,"touched":false,"value":0}],"pose":{"position":[0.7034804821014404,-0.6991835832595825,0.17909562587738037],"orientation":[0.1505271941423416,0.1509125828742981,-0.022890055552124977,0.9767512679100037]}},{"axes":[0.19826114177703857,0.8283966779708862],"buttons":[{"pressed":false,"touched":true,"value":0},{"pressed":false,"touched":false,"value":0},{"pressed":false,"touched":false,"value":0},{"pressed":false,"touched":false,"value":0}],"pose":{"position":[0.785574197769165,-0.705425500869751,0.21238577365875244],"orientation":[0.12340215593576431,0.026354186236858368,0.2477005422115326,0.9605841040611267]}}],[[-0.967061460018158,0.020035669207572937,-0.2538969814777374,0,0.0582122839987278,0.9879034757614136,-0.14376519620418549,0,0.24794168770313263,-0.15380747616291046,-0.956515908241272,0,-0.1744953840970993,1.4658100605010986,0.7818490862846375,1],[-0.998720645904541,0,0.05056813359260559,0,0,1,0,0,-0.05056813359260559,0,-0.998720645904541,0,0.3322882652282715,1.2885326147079468,-0.010637342929840088,1],{"axes":[0.6576958298683167,-0.05118075758218765],"buttons":[{"pressed":false,"touched":true,"value":0},{"pressed":false,"touched":false,"value":0},{"pressed":false,"touched":false,"value":0},{"pressed":false,"touched":false,"value":0}],"pose":{"position":[0.7033369541168213,-0.6993892192840576,0.1792135238647461],"orientation":[0.15048165619373322,0.15096361935138702,-0.022824862971901894,0.9767519235610962]}},{"axes":[0.21416738629341125,0.8288376331329346],"buttons":[{"pressed":false,"touched":true,"value":0},{"pressed":false,"touched":false,"value":0},{"pressed":false,"touched":false,"value":0},{"pressed":false,"touched":false,"value":0}],"pose":{"position":[0.7856061458587646,-0.7053847312927246,0.2123258113861084],"orientation":[0.12336628884077072,0.02646871656179428,0.24766108393669128,0.9605957269668579]}}],[[-0.9664686322212219,0.020502246916294098,-0.25610753893852234,0,0.05682836472988129,0.9891836643218994,-0.13526484370231628,0,0.25056055188179016,-0.14528129994869232,-0.9571662545204163,0,-0.1743788719177246,1.4651057720184326,0.7806942462921143,1],[-0.998720645904541,0,0.05056813359260559,0,0,1,0,0,-0.05056813359260559,0,-0.998720645904541,0,0.3322882652282715,1.2885326147079468,-0.010637342929840088,1],{"axes":[0.6576958298683167,-0.05118075758218765],"buttons":[{"pressed":false,"touched":true,"value":0},{"pressed":false,"touched":false,"value":0},{"pressed":false,"touched":false,"value":0},{"pressed":false,"touched":false,"value":0}],"pose":{"position":[0.7033002376556396,-0.699356198310852,0.17919421195983887],"orientation":[0.15050606429576874,0.15095162391662598,-0.022775519639253616,0.9767511487007141]}},{"axes":[0.22792786359786987,0.8282849788665771],"buttons":[{"pressed":false,"touched":true,"value":0},{"pressed":false,"touched":false,"value":0},{"pressed":false,"touched":false,"value":0},{"pressed":false,"touched":false,"value":0}],"pose":{"position":[0.7853355407714844,-0.7050718069076538,0.2122383713722229],"orientation":[0.12327820062637329,0.02644055336713791,0.24765704572200775,0.9606088399887085]}}],[[-0.9656534194946289,0.019550852477550507,-0.2592381536960602,0,0.05407315865159035,0.990468442440033,-0.12672296166419983,0,0.254285991191864,-0.13638631999492645,-0.9574925303459167,0,-0.17439302802085876,1.4642930030822754,0.7796366810798645,1],[-0.998720645904541,0,0.05056813359260559,0,0,1,0,0,-0.05056813359260559,0,-0.998720645904541,0,0.3322882652282715,1.2885326147079468,-0.010637342929840088,1],{"axes":[0.6578051447868347,-0.173099547624588],"buttons":[{"pressed":false,"touched":true,"value":0},{"pressed":false,"touched":false,"value":0},{"pressed":false,"touched":false,"value":0},{"pressed":false,"touched":false,"value":0}],"pose":{"position":[0.7036123275756836,-0.6994200944900513,0.17996418476104736],"orientation":[0.15067705512046814,0.15099258720874786,-0.02276701293885708,0.9767186641693115]}},{"axes":[0.21038897335529327,0.8300586342811584],"buttons":[{"pressed":false,"touched":true,"value":0},{"pressed":false,"touched":false,"value":0},{"pressed":false,"touched":false,"value":0},{"pressed":false,"touched":false,"value":0}],"pose":{"position":[0.7856795787811279,-0.7053632736206055,0.21233242750167847],"orientation":[0.12333379685878754,0.026428716257214546,0.24759463965892792,0.9606181383132935]}}],[[-0.9636856913566589,0.019182266667485237,-0.2664868235588074,0,0.049599770456552505,0.9929296970367432,-0.10789255797863007,0,0.2625292241573334,-0.11719049513339996,-0.9578096866607666,0,-0.17464064061641693,1.463009238243103,0.778367280960083,1],[-0.998720645904541,0,0.05056813359260559,0,0,1,0,0,-0.05056813359260559,0,-0.998720645904541,0,0.3322882652282715,1.2885326147079468,-0.010637342929840088,1],{"axes":[0.6579264998435974,-0.12822666764259338],"buttons":[{"pressed":false,"touched":true,"value":0},{"pressed":false,"touched":false,"value":0},{"pressed":false,"touched":false,"value":0},{"pressed":false,"touched":false,"value":0}],"pose":{"position":[0.7036044597625732,-0.6993923187255859,0.17997688055038452],"orientation":[0.15069395303726196,0.1509779840707779,-0.022823231294751167,0.9767169952392578]}},{"axes":[0.21232523024082184,0.8279822468757629],"buttons":[{"pressed":false,"touched":true,"value":0},{"pressed":false,"touched":false,"value":0},{"pressed":false,"touched":false,"value":0},{"pressed":false,"touched":false,"value":0}],"pose":{"position":[0.7857565879821777,-0.7053837776184082,0.21234911680221558],"orientation":[0.12337414175271988,0.026414616033434868,0.24755239486694336,0.9606242179870605]}}],[[-0.9609813094139099,0.01877468451857567,-0.27610844373703003,0,0.04193191975355148,0.9960596561431885,-0.07821232825517654,0,0.2735481262207031,-0.08673708140850067,-0.9579680562019348,0,-0.17448143661022186,1.4617902040481567,0.7762638926506042,1],[-0.998720645904541,0,0.05056813359260559,0,0,1,0,0,-0.05056813359260559,0,-0.998720645904541,0,0.3322882652282715,1.2885326147079468,-0.010637342929840088,1],{"axes":[0.6580454707145691,-0.23448339104652405],"buttons":[{"pressed":false,"touched":true,"value":0},{"pressed":false,"touched":false,"value":0},{"pressed":false,"touched":false,"value":0},{"pressed":false,"touched":false,"value":0}],"pose":{"position":[0.7035031318664551,-0.6991995573043823,0.1795826554298401],"orientation":[0.15058296918869019,0.15081898868083954,-0.022790564224123955,0.9767594337463379]}},{"axes":[0.20239336788654327,0.8245418667793274],"buttons":[{"pressed":false,"touched":true,"value":0},{"pressed":false,"touched":false,"value":0},{"pressed":false,"touched":false,"value":0},{"pressed":false,"touched":false,"value":0}],"pose":{"position":[0.7854013442993164,-0.7050381898880005,0.2122473120689392],"orientation":[0.12323129177093506,0.02638639509677887,0.24753902852535248,0.9606468081474304]}}],[[-0.9581925272941589,0.013865086250007153,-0.28591668605804443,0,0.028064243495464325,0.9985693693161011,-0.045627620071172714,0,0.2848708927631378,-0.05174332857131958,-0.9571969509124756,0,-0.17533977329730988,1.4600636959075928,0.7742199897766113,1],[-0.998720645904541,0,0.05056813359260559,0,0,1,0,0,-0.05056813359260559,0,-0.998720645904541,0,0.3322882652282715,1.2885326147079468,-0.010637342929840088,1],{"axes":[0.6581754088401794,-0.13738985359668732],"buttons":[{"pressed":false,"touched":true,"value":0},{"pressed":false,"touched":false,"value":0},{"pressed":false,"touched":false,"value":0},{"pressed":false,"touched":false,"value":0}],"pose":{"position":[0.7034766674041748,-0.6991549730300903,0.17957854270935059],"orientation":[0.1505620926618576,0.15089455246925354,-0.022898191586136818,0.9767484664916992]}},{"axes":[0.19487127661705017,0.8220127820968628],"buttons":[{"pressed":false,"touched":true,"value":0},{"pressed":false,"touched":false,"value":0},{"pressed":false,"touched":false,"value":0},{"pressed":false,"touched":false,"value":0}],"pose":{"position":[0.7856624126434326,-0.7053787708282471,0.21234053373336792],"orientation":[0.12333083152770996,0.026448724791407585,0.24772103130817413,0.960585355758667]}}],[[-0.9554744958877563,0.007800601888448,-0.2950952351093292,0,0.01516009122133255,0.9996333718299866,-0.02266162820160389,0,0.29480600357055664,-0.026125900447368622,-0.9552286267280579,0,-0.1752382218837738,1.457079529762268,0.7708932161331177,1],[-0.998720645904541,0,0.05056813359260559,0,0,1,0,0,-0.05056813359260559,0,-0.998720645904541,0,0.3322882652282715,1.2885326147079468,-0.010637342929840088,1],{"axes":[0.6583006381988525,-0.08146263659000397],"buttons":[{"pressed":false,"touched":true,"value":0},{"pressed":false,"touched":false,"value":0},{"pressed":false,"touched":false,"value":0},{"pressed":false,"touched":false,"value":0}],"pose":{"position":[0.7034509181976318,-0.6990164518356323,0.1793367862701416],"orientation":[0.15045878291130066,0.1508396863937378,-0.022972581908106804,0.9767711162567139]}},{"axes":[0.18907280266284943,0.8198568820953369],"buttons":[{"pressed":false,"touched":true,"value":0},{"pressed":false,"touched":false,"value":0},{"pressed":false,"touched":false,"value":0},{"pressed":false,"touched":false,"value":0}],"pose":{"position":[0.7855019569396973,-0.7056151628494263,0.21236222982406616],"orientation":[0.12332437187433243,0.02646196074783802,0.2479034960269928,0.9605387449264526]}}],[[-0.953128457069397,0.004415624774992466,-0.30265530943870544,0,0.0036040237173438072,0.9999933838844299,0.0032396523747593164,0,0.3026632070541382,0.0019969993736594915,-0.9531242847442627,0,-0.17520013451576233,1.452201008796692,0.7665724158287048,1],[-0.998720645904541,0,0.05056813359260559,0,0,1,0,0,-0.05056813359260559,0,-0.998720645904541,0,0.3322882652282715,1.2885326147079468,-0.010637342929840088,1],{"axes":[0.6583006381988525