[[[-0.9075284004211426,-0.08765391260385513,-0.410746306180954,0,-0.17548374831676483,0.967658519744873,0.18122482299804688,0,0.38157716393470764,0.23654602468013763,-0.8935595750808716,0,-0.3589390218257904,0.5774059295654297,-0.35883283615112305,1],[-0.7302888631820679,0,-0.6831384897232056,0,0,1,0,0,0.6831384897232056,0,-0.7302888631820679,0,-0.057295799255371094,0.5792700052261353,-0.4132424592971802,1],{"axes":[0.13357049226760864,0.8362336754798889],"buttons":[{"pressed":false,"touched":true,"value":0},{"pressed":false,"touched":false,"value":0},{"pressed":false,"touched":false,"value":0},{"pressed":false,"touched":false,"value":0}],"pose":{"position":[0.14397311210632324,-0.014894723892211914,-0.4187690019607544],"orientation":[0.043538648635149,-0.7019644379615784,0.07553711533546448,0.706855297088623]}},{"axes":[0.6579145789146423,-0.3955238461494446],"buttons":[{"pressed":false,"touched":true,"value":0},{"pressed":false,"touched":false,"value":0},{"pressed":false,"touched":false,"value":0},{"pressed":false,"touched":false,"value":0}],"pose":{"position":[0.09003102779388428,-0.012532234191894531,-0.36071455478668213],"orientation":[-0.04107336699962616,-0.7118527889251709,0.14665567874908447,0.6856169700622559]}}],[[-0.9076060056686401,-0.08767535537481308,-0.41057029366493225,0,-0.17532607913017273,0.9677444696426392,0.18091824650764465,0,0.3814651370048523,0.2361862063407898,-0.8937026262283325,0,-0.35884159803390503,0.5774579048156738,-0.35886985063552856,1],[-0.7302888631820679,0,-0.6831384897232056,0,0,1,0,0,0.6831384897232056,0,-0.7302888631820679,0,-0.057295799255371094,0.5792700052261353,-0.4132424592971802,1],{"axes":[0.13357049226760864,0.8362336754798889],"buttons":[{"pressed":false,"touched":true,"value":0},{"pressed":false,"touched":false,"value":0},{"pressed":false,"touched":false,"value":0},{"pressed":false,"touched":false,"value":0}],"pose":{"position":[0.14392542839050293,-0.014907360076904297,-0.4188443422317505],"orientation":[0.04349759593605995,-0.7018347382545471,0.0754956528544426,0.7069910764694214]}},{"axes":[0.6579145789146423,-0.3955238461494446],"buttons":[{"pressed":false,"touched":true,"value":0},{"pressed":false,"touched":false,"value":0},{"pressed":false,"touched":false,"value":0},{"pressed":false,"touched":false,"value":0}],"pose":{"position":[0.09015727043151855,-0.012709856033325195,-0.3608248233795166],"orientation":[-0.04105720296502113,-0.7118530869483948,0.14663195610046387,0.6856228113174438]}}],[[-0.9075655937194824,-0.08844135701656342,-0.4104953706264496,0,-0.17603987455368042,0.9676507115364075,0.18072648346424103,0,0.38123247027397156,0.23628473281860352,-0.8937758207321167,0,-0.3593052923679352,0.5772322416305542,-0.35896897315979004,1],[-0.7302888631820679,0,-0.6831384897232056,0,0,1,0,0,0.6831384897232056,0,-0.7302888631820679,0,-0.057295799255371094,0.5792700052261353,-0.4132424592971802,1],{"axes":[0.13981179893016815,0.8362876176834106],"buttons":[{"pressed":false,"touched":true,"value":0},{"pressed":false,"touched":false,"value":0},{"pressed":false,"touched":false,"value":0},{"pressed":false,"touched":false,"value":0}],"pose":{"position":[0.14410746097564697,-0.015053987503051758,-0.4188181161880493],"orientation":[0.04348931461572647,-0.7018846869468689,0.07540148496627808,0.7069520354270935]}},{"axes":[0.657870352268219,-0.2768852114677429],"buttons":[{"pressed":false,"touched":true,"value":0},{"pressed":false,"touched":false,"value":0},{"pressed":false,"touched":false,"value":0},{"pressed":false,"touched":false,"value":0}],"pose":{"position":[0.09004616737365723,-0.012262940406799316,-0.3606919050216675],"orientation":[-0.041225824505090714,-0.7118454575538635,0.1465516984462738,0.6856377124786377]}}],[[-0.9075733423233032,-0.08829040080308914,-0.41051074862480164,0,-0.17589718103408813,0.9676705598831177,0.18075916171073914,0,0.38127991557121277,0.23625990748405457,-0.8937621712684631,0,-0.3592894971370697,0.5772387981414795,-0.35893526673316956,1],[-0.7302888631820679,0,-0.6831384897232056,0,0,1,0,0,0.6831384897232056,0,-0.7302888631820679,0,-0.057295799255371094,0.5792700052261353,-0.4132424592971802,1],{"axes":[0.1366797238588333,0.8364077806472778],"buttons":[{"pressed":false,"touched":true,"value":0},{"pressed":false,"touched":false,"value":0},{"pressed":false,"touched":false,"value":0},{"pressed":false,"touched":false,"value":0}],"pose":{"position":[0.1442887783050537,-0.014845728874206543,-0.41896164417266846],"orientation":[0.04332933574914932,-0.701928973197937,0.07532912492752075,0.706925630569458]}},{"axes":[0.6578425765037537,-0.19505327939987183],"buttons":[{"pressed":false,"touched":true,"value":0},{"pressed":false,"touched":false,"value":0},{"pressed":false,"touched":false,"value":0},{"pressed":false,"touched":false,"value":0}],"pose":{"position":[0.09020471572875977,-0.012408256530761719,-0.3607926368713379],"orientation":[-0.041135046631097794,-0.7118371725082397,0.14653022587299347,0.6856563687324524]}}],[[-0.9077111482620239,-0.08847399055957794,-0.4101664423942566,0,-0.175898477435112,0.9677129983901978,0.18053054809570312,0,0.3809511959552765,0.23601728677749634,-0.8939664363861084,0,-0.35917872190475464,0.5773086547851562,-0.359025239944458,1],[-0.7302888631820679,0,-0.6831384897232056,0,0,1,0,0,0.6831384897232056,0,-0.7302888631820679,0,-0.057295799255371094,0.5792700052261353,-0.4132424592971802,1],{"axes":[0.1344747692346573,0.8367173671722412],"buttons":[{"pressed":false,"touched":true,"value":0},{"pressed":false,"touched":false,"value":0},{"pressed":false,"touched":false,"value":0},{"pressed":false,"touched":false,"value":0}],"pose":{"position":[0.14452433586120605,-0.014993071556091309,-0.4189298152923584],"orientation":[0.04336594045162201,-0.7018901705741882,0.07516665011644363,0.7069791555404663]}},{"axes":[0.6578425765037537,-0.19505327939987183],"buttons":[{"pressed":false,"touched":true,"value":0},{"pressed":false,"touched":false,"value":0},{"pressed":false,"touched":false,"value":0},{"pressed":false,"touched":false,"value":0}],"pose":{"position":[0.09018659591674805,-0.012315154075622559,-0.3606523275375366],"orientation":[-0.04109290614724159,-0.7118692398071289,0.14643320441246033,0.6856462955474854]}}],[[-0.9077003002166748,-0.08840862661600113,-0.41020458936691284,0,-0.17581601440906525,0.9677382707595825,0.1804753988981247,0,0.3810151219367981,0.23593813180923462,-0.8939600586891174,0,-0.35916128754615784,0.5773253440856934,-0.3589950501918793,1],[-0.7302888631820679,0,-0.6831384897232056,0,0,1,0,0,0.6831384897232056,0,-0.7302888631820679,0,-0.057295799255371094,0.5792700052261353,-0.4132424592971802,1],{"axes":[0.13709081709384918,0.8373432755470276],"buttons":[{"pressed":false,"touched":true,"value":0},{"pressed":false,"touched":false,"value":0},{"pressed":false,"touched":false,"value":0},{"pressed":false,"touched":false,"value":0}],"pose":{"position":[0.14446008205413818,-0.015003800392150879,-0.4188946485519409],"orientation":[0.043396156281232834,-0.7019090056419373,0.07519539445638657,0.70695561170578]}},{"axes":[0.6578425765037537,-0.19505327939987183],"buttons":[{"pressed":false,"touched":true,"value":0},{"pressed":false,"touched":false,"value":0},{"pressed":false,"touched":false,"value":0},{"pressed":false,"touched":false,"value":0}],"pose":{"position":[0.09013164043426514,-0.012368202209472656,-0.3606245517730713],"orientation":[-0.04110049828886986,-0.7118592858314514,0.14648550748825073,0.6856450438499451]}}],[[-0.9077006578445435,-0.08862130343914032,-0.41015782952308655,0,-0.1759607493877411,0.9677420854568481,0.1803138107061386,0,0.38094741106033325,0.23584267497062683,-0.8940141201019287,0,-0.35936734080314636,0.5772271156311035,-0.359096884727478,1],[-0.7302888631820679,0,-0.6831384897232056,0,0,1,0,0,0.6831384897232056,0,-0.7302888631820679,0,-0.057295799255371094,0.5792700052261353,-0.4132424592971802,1],{"axes":[0.13910876214504242,0.8377993106842041],"buttons":[{"pressed":false,"touched":true,"value":0},{"pressed":false,"touched":false,"value":0},{"pressed":false,"touched":false,"value":0},{"pressed":false,"touched":false,"value":0}],"pose":{"position":[0.14455997943878174,-0.015062808990478516,-0.41887366771698],"orientation":[0.04342177137732506,-0.7019037008285522,0.07516434788703918,0.706962525844574]}},{"axes":[0.6578425765037537,-0.19505327939987183],"buttons":[{"pressed":false,"touched":true,"value":0},{"pressed":false,"touched":false,"value":0},{"pressed":false,"touched":false,"value":0},{"pressed":false,"touched":false,"value":0}],"pose":{"position":[0.09006357192993164,-0.012267112731933594,-0.36053478717803955],"orientation":[-0.04106292873620987,-0.7118328213691711,0.14649583399295807,0.6856725811958313]}}],[[-0.9077146053314209,-0.08870100229978561,-0.4101097881793976,0,-0.1760299950838089,0.9677304625511169,0.18030862510204315,0,0.38088223338127136,0.2358604073524475,-0.8940371870994568,0,-0.3593747019767761,0.5772550106048584,-0.35908743739128113,1],[-0.7302888631820679,0,-0.6831384897232056,0,0,1,0,0,0.6831384897232056,0,-0.7302888631820679,0,-0.057295799255371094,0.5792700052261353,-0.4132424592971802,1],{"axes":[0.14453865587711334,0.8381733298301697],"buttons":[{"pressed":false,"touched":true,"value":0},{"pressed":false,"touched":false,"value":0},{"pressed":false,"touched":false,"value":0},{"pressed":false,"touched":false,"value":0}],"pose":{"position":[0.14462316036224365,-0.015002846717834473,-0.41891729831695557],"orientation":[0.043342333287000656,-0.7019602060317993,0.07518422603607178,0.7069091796875]}},{"axes":[0.6578478217124939,-0.2780832052230835],"buttons":[{"pressed":false,"touched":true,"value":0},{"pressed":false,"touched":false,"value":0},{"pressed":false,"touched":false,"value":0},{"pressed":false,"touched":false,"value":0}],"pose":{"position":[0.09028053283691406,-0.012408256530761719,-0.36066198348999023],"orientation":[-0.04107553884387016,-0.7118075489997864,0.14647816121578217,0.6857017874717712]}}],[[-0.9077546000480652,-0.08852662891149521,-0.4100589156150818,0,-0.17587845027446747,0.9677367210388184,0.18042287230491638,0,0.38085687160491943,0.23590023815631866,-0.8940374851226807,0,-0.3592827320098877,0.5773156881332397,-0.359040766954422,1],[-0.7302888631820679,0,-0.6831384897232056,0,0,1,0,0,0.6831384897232056,0,-0.7302888631820679,0,-0.057295799255371094,0.5792700052261353,-0.4132424592971802,1],{"axes":[0.14106039702892303,0.8382166624069214],"buttons":[{"pressed":false,"touched":true,"value":0},{"pressed":false,"touched":false,"value":0},{"pressed":false,"touched":false,"value":0},{"pressed":false,"touched":false,"value":0}],"pose":{"position":[0.14454758167266846,-0.014950990676879883,-0.41893160343170166],"orientation":[0.043331120163202286,-0.701882541179657,0.07523447275161743,0.7069816589355469]}},{"axes":[0.6578736305236816,-0.34992748498916626],"buttons":[{"pressed":false,"touched":true,"value":0},{"pressed":false,"touched":false,"value":0},{"pressed":false,"touched":false,"value":0},{"pressed":false,"touched":false,"value":0}],"pose":{"position":[0.09010827541351318,-0.01225590705871582,-0.3606001138687134],"orientation":[-0.04114677757024765,-0.7118492722511292,0.14651544392108917,0.6856462359428406]}}],[[-0.9077344536781311,-0.08839485794305801,-0.41013193130493164,0,-0.17579235136508942,0.9677375555038452,0.1805022805929184,0,0.3809446394443512,0.23594622313976288,-0.8939879536628723,0,-0.3592653274536133,0.5773359537124634,-0.3590293526649475,1],[-0.7302888631820679,0,-0.6831384897232056,0,0,1,0,0,0.6831384897232056,0,-0.7302888631820679,0,-0.057295799255371094,0.5792700052261353,-0.4132424592971802,1],{"axes":[0.1469784677028656,0.8383159041404724],"buttons":[{"pressed":false,"touched":true,"value":0},{"pressed":false,"touched":false,"value":0},{"pressed":false,"touched":false,"value":0},{"pressed":false,"touched":false,"value":0}],"pose":{"position":[0.14448308944702148,-0.015013456344604492,-0.4188750982284546],"orientation":[0.0434282124042511,-0.7019059658050537,0.07517173141241074,0.7069591283798218]}},{"axes":[0.657913088798523,-0.39605066180229187],"buttons":[{"pressed":false,"touched":true,"value":0},{"pressed":false,"touched":false,"value":0},{"pressed":false,"touched":false,"value":0},{"pressed":false,"touched":false,"value":0}],"pose":{"position":[0.09019482135772705,-0.012404441833496094,-0.3606257438659668],"orientation":[-0.04103963449597359,-0.7118686437606812,0.1464931070804596,0.685637354850769]}}],[[-0.9077532291412354,-0.08862050622701645,-0.4100417494773865,0,-0.17598509788513184,0.9677123427391052,0.18044961988925934,0,0.38081094622612,0.23596499860286713,-0.8940399885177612,0,-0.35938501358032227,0.5773165225982666,-0.35906296968460083,1],[-0.7302888631820679,0,-0.6831384897232056,0,0,1,0,0,0.6831384897232056,0,-0.7302888631820679,0,-0.057295799255371094,0.5792700052261353,-0.4132424592971802,1],{"axes":[0.1431778222322464,0.8383059501647949],"buttons":[{"pressed":false,"touched":true,"value":0},{"pressed":false,"touched":false,"value":0},{"pressed":false,"touched":false,"value":0},{"pressed":false,"touched":false,"value":0}],"pose":{"position":[0.14453208446502686,-0.014993429183959961,-0.4188706874847412],"orientation":[0.043406929820775986,-0.7019241452217102,0.07527513802051544,0.7069314122200012]}},{"axes":[0.6569898128509521,-0.45803210139274597],"buttons":[{"pressed":false,"touched":true,"value":0},{"pressed":false,"touched":false,"value":0},{"pressed":false,"touched":false,"value":0},{"pressed":false,"touched":false,"value":0}],"pose":{"position":[0.09007692337036133,-0.01221168041229248,-0.3605114221572876],"orientation":[-0.04098828136920929,-0.7118691205978394,0.14647555351257324,0.6856436729431152]}}],[[-0.9077767133712769,-0.08862560242414474,-0.4099886417388916,0,-0.1759244054555893,0.9677457809448242,0.18032945692539215,0,0.3807830214500427,0.23582589626312256,-0.894088625907898,0,-0.3593321740627289,0.5774126052856445,-0.35905125737190247,1],[-0.7302888631820679,0,-0.6831384897232056,0,0,1,0,0,0.6831384897232056,0,-0.7302888631820679,0,-0.057295799255371094,0.5792700052261353,-0.4132424592971802,1],{"axes":[0.14446720480918884,0.8384173512458801],"buttons":[{"pressed":false,"touched":true,"value":0},{"pressed":false,"touched":false,"value":0},{"pressed":false,"touched":false,"value":0},{"pressed":false,"touched":false,"value":0}],"pose":{"position":[0.14454078674316406,-0.015030980110168457,-0.41885507106781006],"orientation":[0.043446291238069534,-0.7019053101539612,0.07516861706972122,0.7069590091705322]}},{"axes":[0.6569898128509521,-0.45803210139274597],"buttons":[{"pressed":false,"touched":true,"value":0},{"pressed":false,"touched":false,"value":0},{"pressed":false,"touched":false,"value":0},{"pressed":false,"touched":false,"value":0}],"pose":{"position":[0.09039056301116943,-0.012507438659667969,-0.3606741428375244],"orientation":[-0.040982574224472046,-0.7118675112724304,0.14652281999588013,0.6856355667114258]}}],[[-0.907832145690918,-0.08813699334859848,-0.40997129678726196,0,-0.17546895146369934,0.9677976965904236,0.1804945319890976,0,0.3808610439300537,0.2357959747314453,-0.8940632343292236,0,-0.35907477140426636,0.5774945020675659,-0.35898610949516296,1],[-0.7302888631820679,0,-0.6831384897232056,0,0,1,0,0,0.6831384897232056,0,-0.7302888631820679,0,-0.057295799255371094,0.5792700052261353,-0.4132424592971802,1],{"axes":[0.1413058042526245,0.838341474533081],"buttons":[{"pressed":false,"touched":true,"value":0},{"pressed":false,"touched":false,"value":0},{"pressed":false,"touched":false,"value":0},{"pressed":false,"touched":false,"value":0}],"pose":{"position":[0.1444467306137085,-0.015125036239624023,-0.4187890291213989],"orientation":[0.04357650503516197,-0.7018941640853882,0.07521574199199677,0.7069571018218994]}},{"axes":[0.6569898128509521,-0.45803210139274597],"buttons":[{"pressed":false,"touched":true,"value":0},{"pressed":false,"touched":false,"value":0},{"pressed":false,"touched":false,"value":0},{"pressed":false,"touched":false,"value":0}],"pose":{"position":[0.09000742435455322,-0.012248516082763672,-0.36043620109558105],"orientation":[-0.04086336866021156,-0.7118995785713196,0.146522656083107,0.6856094598770142]}}],[[-0.9078859686851501,-0.08814293891191483,-0.4098508954048157,0,-0.17537322640419006,0.9678449034690857,0.18033434450626373,0,0.38077691197395325,0.23559990525245667,-0.8941507339477539,0,-0.358957439661026,0.577588677406311,-0.3590537905693054,1],[-0.7302888631820679,0,-0.6831384897232056,0,0,1,0,0,0.6831384897232056,0,-0.7302888631820679,0,-0.057295799255371094,0.5792700052261353,-0.4132424592971802,1],{"axes":[0.14484819769859314,0.838445782661438],"buttons":[{"pressed":false,"touched":true,"value":0},{"pressed":false,"touched":false,"value":0},{"pressed":false,"touched":false,"value":0},{"pressed":false,"touched":false,"value":0}],"pose":{"position":[0.14443480968475342,-0.01511383056640625,-0.4187818765640259],"orientation":[0.04352051019668579,-0.7018871903419495,0.07527606934309006,0.7069609761238098]}},{"axes":[0.6569898128509521,-0.45803210139274597],"buttons":[{"pressed":false,"touched":true,"value":0},{"pressed":false,"touched":false,"value":0},{"pressed":false,"touched":false,"value":0},{"pressed":false,"touched":false,"value":0}],"pose":{"position":[0.09012115001678467,-0.012389063835144043,-0.36051976680755615],"orientation":[-0.04090861231088638,-0.7118586301803589,0.14660407602787018,0.6856318712234497]}}],[[-0.9077931046485901,-0.0884745717048645,-0.409985214471817,0,-0.1756613403558731,0.9678377509117126,0.18009214103221893,0,0.38086560368537903,0.23550495505332947,-0.894137978553772,0,-0.3591693341732025,0.5774743556976318,-0.3591047525405884,1],[-0.7302888631820679,0,-0.6831384897232056,0,0,1,0,0,0.6831384897232056,0,-0.7302888631820679,0,-0.057295799255371094,0.5792700052261353,-0.4132424592971802,1],{"axes":[0.14484819769859314,0.838445782661438],"buttons":[{"pressed":false,"touched":true,"value":0},{"pressed":false,"touched":false,"value":0},{"pressed":false,"touched":false,"value":0},{"pressed":false,"touched":false,"value":0}],"pose":{"position":[0.14473092555999756,-0.015145301818847656,-0.4188438653945923],"orientation":[0.04338136315345764,-0.7019053101539612,0.07511213421821594,0.7069689631462097]}},{"axes":[0.6567809581756592,-0.31253042817115784],"buttons":[{"pressed":false,"touched":true,"value":0},{"pressed":false,"touched":false,"value":0},{"pressed":false,"touched":false,"value":0},{"pressed":false,"touched":false,"value":0}],"pose":{"position":[0.08995091915130615,-0.012003421783447266,-0.36039555072784424],"orientation":[-0.04091189056634903,-0.7118566036224365,0.1465657502412796,0.685641884803772]}}],[[-0.9078873991966248,-0.08830650895833969,-0.4098125994205475,0,-0.1754932403564453,0.9678422212600708,0.1802319586277008,0,0.38071829080581665,0.235549658536911,-0.8941889405250549,0,-0.3591650426387787,0.5774983167648315,-0.3591125011444092,1],[-0.7302888631820679,0,-0.6831384897232056,0,0,1,0,0,0.6831384897232056,0,-0.7302888631820679,0,-0.057295799255371094,0.5792700052261353,-0.4132424592971802,1],{"axes":[0.1503247618675232,0.8384996056556702],"buttons":[{"pressed":false,"touched":true,"value":0},{"pressed":false,"touched":false,"value":0},{"pressed":false,"touched":false,"value":0},{"pressed":false,"touched":false,"value":0}],"pose":{"position":[0.14474308490753174,-0.015126824378967285,-0.41884326934814453],"orientation":[0.04335711896419525,-0.7018874287605286,0.0752117708325386,0.7069776654243469]}},{"axes":[0.6567809581756592,-0.31253042817115784],"buttons":[{"pressed":false,"touched":true,"value":0},{"pressed":false,"touched":false,"value":0},{"pressed":false,"touched":false,"value":0},{"pressed":false,"touched":false,"value":0}],"pose":{"position":[0.09010076522827148,-0.012166976928710938,-0.3604609966278076],"orientation":[-0.04093335196375847,-0.7119094133377075,0.14648520946502686,0.6856030821800232]}}],[[-0.907895565032959,-0.08857207745313644,-0.409737229347229,0,-0.1757180541753769,0.9678176641464233,0.1801447719335556,0,0.3805951476097107,0.2355508804321289,-0.8942410349845886,0,-0.3592192530632019,0.5774871110916138,-0.35912519693374634,1],[-0.7302888631820679,0,-0.6831384897232056,0,0,1,0,0,0.6831384897232056,0,-0.7302888631820679,0,-0.057295799255371094,0.5792700052261353,-0.4132424592971802,1],{"axes":[0.15125872194766998,0.8382992148399353],"buttons":[{"pressed":false,"touched":true,"value":0},{"pressed":false,"touched":false,"value":0},{"pressed":false,"touched":false,"value":0},{"pressed":false,"touched":false,"value":0}],"pose":{"position":[0.14478039741516113,-0.015129685401916504,-0.4188578128814697],"orientation":[0.04327860474586487,-0.7018736004829407,0.07521399110555649,0.706995964050293]}},{"axes":[0.6858745217323303,-0.3731497526168823],"buttons":[{"pressed":false,"touched":true,"value":0},{"pressed":false,"touched":false,"value":0},{"pressed":false,"touched":false,"value":0},{"pressed":false,"touched":false,"value":0}],"pose":{"position":[0.09024643898010254,-0.012305259704589844,-0.3605475425720215],"orientation":[-0.040946368128061295,-0.7118702530860901,0.14651595056056976,0.6856364011764526]}}],[[-0.9078876972198486,-0.08850254118442535,-0.40976959466934204,0,-0.1757339984178543,0.9677793383598328,0.18033501505851746,0,0.38060644268989563,0.23573440313339233,-0.894187867641449,0,-0.35920968651771545,0.5775235891342163,-0.35912391543388367,1],[-0.7302888631820679,0,-0.6831384897232056,0,0,1,0,0,0.6831384897232056,0,-0.7302888631820679,0,-0.057295799255371094,0.5792700052261353,-0.4132424592971802,1],{"axes":[0.15247118473052979,0.8381387591362],"buttons":[{"pressed":false,"touched":true,"value":0},{"pressed":false,"touched":false,"value":0},{"pressed":false,"touched":false,"value":0},{"pressed":false,"touched":false,"value":0}],"pose":{"position":[0.1446319818496704,-0.015000343322753906,-0.41884028911590576],"orientation":[0.043362025171518326,-0.7019329071044922,0.0753144696354866,0.7069212198257446]}},{"axes":[0.6761986017227173,-0.40293487906455994],"buttons":[{"pressed":false,"touched":true,"value":0},{"pressed":false,"touched":false,"value":0},{"pressed":false,"touched":false,"value":0},{"pressed":false,"touched":false,"value":0}],"pose":{"position":[0.09005212783813477,-0.012216567993164062,-0.3605576753616333],"orientation":[-0.040911611169576645,-0.7118929028511047,0.14659713208675385,0.6855975985527039]}}],[[-0.9079732894897461,-0.08848190307617188,-0.4095844030380249,0,-0.17555902898311615,0.9678552746772766,0.18009774386882782,0,0.3804830312728882,0.23543018102645874,-0.894320547580719,0,-0.35912618041038513,0.577548623085022,-0.3592779040336609,1],[-0.7302888631820679,0,-0.6831384897232056,0,0,1,0,0,0.6831384897232056,0,-0.7302888631820679,0,-0.057295799255371094,0.5792700052261353,-0.4132424592971802,1],{"axes":[0.15359340608119965,0.8378989100456238],"buttons":[{"pressed":false,"touched":true,"value":0},{"pressed":false,"touched":false,"value":0},{"pressed":false,"touched":false,"value":0},{"pressed":false,"touched":false,"value":0}],"pose":{"position":[0.14463424682617188,-0.014995813369750977,-0.4188627004623413],"orientation":[0.04339560866355896,-0.7018750905990601,0.07529433071613312,0.7069787383079529]}},{"axes":[0.6703721880912781,-0.43660736083984375],"buttons":[{"pressed":false,"touched":true,"value":0},{"pressed":false,"touched":false,"value":0},{"pressed":false,"touched":false,"value":0},{"pressed":false,"touched":false,"value":0}],"pose":{"position":[0.09019970893859863,-0.012386918067932129,-0.3606405258178711],"orientation":[-0.04096658527851105,-0.7119155526161194,0.14664804935455322,0.685559868812561]}}],[[-0.9079731702804565,-0.08839856833219528,-0.40960270166397095,0,-0.17538872361183167,0.9679239988327026,0.17989422380924225,0,0.380561888217926,0.23517881333827972,-0.8943531513214111,0,-0.35909926891326904,0.5775560140609741,-0.3593105375766754,1],[-0.7302888631820679,0,-0.6831384897232056,0,0,1,0,0,0.6831384897232056,0,-0.7302888631820679,0,-0.057295799255371094,0.5792700052261353,-0.4132424592971802,1],{"axes":[0.14960657060146332,0.8375656008720398],"buttons":[{"pressed":false,"touched":true,"value":0},{"pressed":false,"touched":false,"value":0},{"pressed":false,"touched":false,"value":0},{"pressed":false,"touched":false,"value":0}],"pose":{"position":[0.14493131637573242,-0.015188455581665039,-0.4188051223754883],"orientation":[0.04333154484629631,-0.701852560043335,0.07504861056804657,0.7070311903953552]}},{"axes":[0.6668515801429749,-0.5171182155609131],"buttons":[{"pressed":false,"touched":true,"value":0},{"pressed":false,"touched":false,"value":0},{"pressed":false,"touched":false,"value":0},{"pressed":false,"touched":false,"value":0}],"pose":{"position":[0.09008586406707764,-0.01208353042602539,-0.36032652854919434],"orientation":[-0.04092119261622429,-0.7118775844573975,0.1464262455701828,0.6856493949890137]}}],[[-0.9080060124397278,-0.08802267163991928,-0.40961089730262756,0,-0.17509110271930695,0.9679338335990906,0.18013106286525726,0,0.3806206285953522,0.23527932167053223,-0.8943017721176147,0,-0.35886678099632263,0.577643871307373,-0.35923588275909424,1],[-0.7302888631820679,0,-0.6831384897232056,0,0,1,0,0,0.6831384897232056,0,-0.7302888631820679,0,-0.057295799255371094,0.5792700052261353,-0.4132424592971802,1],{"axes":[0.1463700830936432,0.837283194065094],"buttons":[{"pressed":false,"touched":true,"value":0},{"pressed":false,"touched":false,"value":0},{"pressed":false,"touched":false,"value":0},{"pressed":false,"touched":false,"value":0}],"pose":{"position":[0.1448122262954712,-0.015064239501953125,-0.4188138246536255],"orientation":[0.043353766202926636,-0.7018559575080872,0.07524281740188599,0.7070057392120361]}},{"axes":[0.6629244089126587,-0.4667128622531891],"buttons":[{"pressed":false,"touched":true,"value":0},{"pressed":false,"touched":false,"value":0},{"pressed":false,"touched":false,"value":0},{"pressed":false,"touched":false,"value":0}],"pose":{"position":[0.08976089954376221,-0.011864423751831055,-0.3602102994918823],"orientation":[-0.04078742116689682,-0.7118680477142334,0.14653344452381134,0.6856443881988525]}}],[[-0.9080334901809692,-0.0878104418516159,-0.40959540009498596,0,-0.17497499287128448,0.9679047465324402,0.18039999902248383,0,0.38060837984085083,0.2354782074689865,-0.8942546248435974,0,-0.35881784558296204,0.5776840448379517,-0.35926517844200134,1],[-0.7302888631820679,0,-0.6831384897232056,0,0,1,0,0,0.6831384897232056,0,-0.7302888631820679,0,-0.057295799255371094,0.5792700052261353,-0.4132424592971802,1],{"axes":[0.15202322602272034,0.8369492292404175],"buttons":[{"pressed":false,"touched":true,"value":0},{"pressed":false,"touched":false,"value":0},{"pressed":false,"touched":false,"value":0},{"pressed":false,"touched":false,"value":0}],"pose":{"position":[0.14469432830810547,-0.015137791633605957,-0.4187270402908325],"orientation":[0.0434819720685482,-0.7018707990646362,0.07532662898302078,0.70697420835495]}},{"axes":[0.6619336009025574,-0.32374709844589233],"buttons":[{"pressed":false,"touched":true,"value":0},{"pressed":false,"touched":false,"value":0},{"pressed":false,"touched":false,"value":0},{"pressed":false,"touched":false,"value":0}],"pose":{"position":[0.08989536762237549,-0.012028932571411133,-0.36025404930114746],"orientation":[-0.04076752811670303,-0.711911141872406,0.14648863673210144,0.6856103539466858]}}],[[-0.9078447222709656,-0.08812955021858215,-0.40994518995285034,0,-0.17550933361053467,0.9677659869194031,0.18062521517276764,0,0.3808126449584961,0.23592887818813324,-0.8940488696098328,0,-0.3590049147605896,0.5775933265686035,-0.35916170477867126,1],[-0.7302888631820679,0,-0.6831384897232056,0,0,1,0,0,0.6831384897232056,0,-0.7302888631820679,0,-0.057295799255371094,0.5792700052261353,-0.4132424592971802,1],{"axes":[0.14791955053806305,0.8365886807441711],"buttons":[{"pressed":false,"touched":true,"value":0},{"pressed":false,"touched":false,"value":0},{"pressed":false,"touched":false,"value":0},{"pressed":false,"touched":false,"value":0}],"pose":{"position":[0.14436423778533936,-0.014955282211303711,-0.41877615451812744],"orientation":[0.04344048723578453,-0.7018897533416748,0.07539188116788864,0.7069510221481323]}},{"axes":[0.6613393425941467,-0.3812672793865204],"buttons":[{"pressed":false,"touched":true,"value":0},{"pressed":false,"touched":false,"value":0},{"pressed":false,"touched":false,"value":0},{"pressed":false,"touched":false,"value":0}],"pose":{"position":[0.08982968330383301,-0.011950969696044922,-0.36041247844696045],"orientation":[-0.040931325405836105,-0.7119066119194031,0.14673519134521484,0.6855525970458984]}}],[[-0.9078081250190735,-0.08809228241443634,-0.4100342094898224,0,-0.17554070055484772,0.9677401185035706,0.1807333081960678,0,0.38088539242744446,0.2360488772392273,-0.8939862251281738,0,-0.3589179515838623,0.5776681900024414,-0.359131783246994,1],[-0.7302888631820679,0,-0.6831384897232056,0,0,1,0,0,0.6831384897232056,0,-0.7302888631820679,0,-0.057295799255371094,0.5792700052261353,-0.4132424592971802,1],{"axes":[0.1492261290550232,0.8355411887168884],"buttons":[{"pressed":false,"touched":true,"value":0},{"pressed":false,"touched":false,"value":0},{"pressed":false,"touched":false,"value":0},{"pressed":false,"touched":false,"value":0}],"pose":{"position":[0.14438951015472412,-0.014881134033203125,-0.41883623600006104],"orientation":[0.04339573532342911,-0.7018696665763855,0.07542456686496735,0.7069702744483948]}},{"axes":[0.660947859287262,-0.38445791602134705],"buttons":[{"pressed":false,"touched":true,"value":0},{"pressed":false,"touched":false,"value":0},{"pressed":false,"touched":false,"value":0},{"pressed":false,"touched":false,"value":0}],"pose":{"position":[0.09006118774414062,-0.012232422828674316,-0.36059319972991943],"orientation":[-0.04097094386816025,-0.7118862867355347,0.14674821496009827,0.6855685710906982]}}],[[-0.9078490138053894,-0.08776940405368805,-0.4100129306316376,0,-0.1752004772424698,0.9677973985671997,0.18075670301914215,0,0.38094455003738403,0.2359342873096466,-0.893991231918335,0,-0.35877618193626404,0.5776900053024292,-0.3591163456439972,1],[-0.7302888631820679,0,-0.6831384897232056,0,0,1,0,0,0.6831384897232056,0,-0.7302888631820679,0,-0.057295799255371094,0.5792700052261353,-0.4132424592971802,1],{"axes":[0.15095490217208862,0.8349854350090027],"buttons":[{"pressed":false,"touched":true,"value":0},{"pressed":false,"touched":false,"value":0},{"pressed":false,"touched":false,"value":0},{"pressed":false,"touched":false,"value":0}],"pose":{"position":[0.14433813095092773,-0.014917612075805664,-0.41879403591156006],"orientation":[0.04348590970039368,-0.7019233703613281,0.07550416141748428,0.7069028615951538]}},{"axes":[0.6556790471076965,-0.42293035984039307],"buttons":[{"pressed":false,"touched":true,"value":0},{"pressed":false,"touched":false,"value":0},{"pressed":false,"touched":false,"value":0},{"pressed":false,"touched":false,"value":0}],"pose":{"position":[0.08970284461975098,-0.011959314346313477,-0.36042582988739014],"orientation":[-0.040780603885650635,-0.7119141221046448,0.14675593376159668,0.6855493783950806]}}],[[-0.9078381061553955,-0.08787772804498672,-0.4100138545036316,0,-0.17535175383090973,0.9677544236183167,0.18084010481834412,0,0.38090091943740845,0.2360702008008957,-0.8939739465713501,0,-0.3589000403881073,0.5776501893997192,-0.3591252863407135,1],[-0.7302888631820679,0,-0.6831384897232056,0,0,1,0,0,0.6831384897232056,0,-0.7302888631820679,0,-0.057295799255371094,0.5792700052261353,-0.4132424592971802,1],{"axes":[0.14834947884082794,0.8339398503303528],"buttons":[{"pressed":false,"touched":true,"value":0},{"pressed":false,"touched":false,"value":0},{"pressed":false,"touched":false,"value":0},{"pressed":false,"touched":false,"value":0}],"pose":{"position":[0.144431471824646,-0.015043377876281738,-0.4187631607055664],"orientation":[0.043506696820259094,-0.7018953561782837,0.07533550262451172,0.7069474458694458]}},{"axes":[0.6554924249649048,-0.46789926290512085],"buttons":[{"pressed":false,"touched":true,"value":0},{"pressed":false,"touched":false,"value":0},{"pressed":false,"touched":false,"value":0},{"pressed":false,"touched":false,"value":0}],"pose":{"position":[0.0895928144454956,-0.01183938980102539,-0.3603252172470093],"orientation":[-0.040739137679338455,-0.711945116519928,0.14667919278144836,0.6855360865592957]}}],[[-0.9077709317207336,-0.08804813772439957,-0.41012609004974365,0,-0.17555060982704163,0.9677246809005737,0.18080630898475647,0,0.3809695243835449,0.23612861335277557,-0.8939293026924133,0,-0.3588595986366272,0.5776853561401367,-0.3591165244579315,1],[-0.7302888631820679,0,-0.6831384897232056,0,0,1,0,0,0.6831384897232056,0,-0.7302888631820679,0,-0.057295799255371094,0.5792700052261353,-0.4132424592971802,1],{"axes":[0.14834947884082794,0.8339398503303528],"buttons":[{"pressed":false,"touched":true,"value":0},{"pressed":false,"touched":false,"value":0},{"pressed":false,"touched":false,"value":0},{"pressed":false,"touched":false,"value":0}],"pose":{"position":[0.14446628093719482,-0.014973282814025879,-0.4188185930252075],"orientation":[0.043534863740205765,-0.7018760442733765,0.0753263458609581,0.7069658041000366]}},{"axes":[0.6554924249649048,-0.46789926290512085],"buttons":[{"pressed":false,"touched":true,"value":0},{"pressed":false,"touched":false,"value":0},{"pressed":false,"touched":false,"value":0},{"pressed":false,"touched":false,"value":0}],"pose":{"position":[0.08971130847930908,-0.01193249225616455,-0.36040401458740234],"orientation":[-0.04083545133471489,-0.7118986248970032,0.14662325382232666,0.6855905652046204]}}],[[-0.9077934622764587,-0.08800836652517319,-0.41008472442626953,0,-0.17549604177474976,0.9677348136901855,0.1808050572872162,0,0.38094091415405273,0.2361019253730774,-0.8939485549926758,0,-0.358814537525177,0.577703595161438,-0.35913607478141785,1],[-0.7302888631820679,0,-0.6831384897232056,0,0,1,0,0,0.6831384897232056,0,-0.7302888631820679,0,-0.057295799255371094,0.5792700052261353,-0.4132424592971802,1],{"axes":[0.148861825466156,0.8330982327461243],"buttons":[{"pressed":false,"touched":true,"value":0},{"pressed":false,"touched":false,"value":0},{"pressed":false,"touched":false,"value":0},{"pressed":false,"touched":false,"value":0}],"pose":{"position":[0.14444613456726074,-0.014955401420593262,-0.4188419580459595],"orientation":[0.043485891073942184,-0.701894998550415,0.07542400807142258,0.7069396376609802]}},{"axes":[0.6573845148086548,-0.38348934054374695],"buttons":[{"pressed":false,"touched":true,"value":0},{"pressed":false,"touched":false,"value":0},{"pressed":false,"touched":false,"value":0},{"pressed":false,"touched":false,"value":0}],"pose":{"position":[0.08954322338104248,-0.011751294136047363,-0.360217809677124],"orientation":[-0.04071549326181412,-0.7119140625,0.14656583964824677,0.6855939626693726]}}],[[-0.9078147411346436,-0.08800022304058075,-0.41003939509391785,0,-0.1754787564277649,0.9677361249923706,0.18081481754779816,0,0.38089820742607117,0.23609957098960876,-0.89396733045578,0,-0.35877278447151184,0.577721357345581,-0.35913360118865967,1],[-0.7302888631820679,0,-0.6831384897232056,0,0,1,0,0,0.6831384897232056,0,-0.7302888631820679,0,-0.057295799255371094,0.5792700052261353,-0.4132424592971802,1],{"axes":[0.148861825466156,0.8330982327461243],"buttons":[{"pressed":false,"touched":true,"value":0},{"pressed":false,"touched":false,"value":0},{"pressed":false,"touched":false,"value":0},{"pressed":false,"touched":false,"value":0}],"pose":{"position":[0.14455485343933105,-0.015058040618896484,-0.4188096523284912],"orientation":[0.04347699508070946,-0.7018896341323853,0.07531861960887909,0.706956684589386]}},{"axes":[0.6573845148086548,-0.38348934054374695],"buttons":[{"pressed":false,"touched":true,"value":0},{"pressed":false,"touched":false,"value":0},{"pressed":false,"touched":false,"value":0},{"pressed":false,"touched":false,"value":0}],"pose":{"position":[0.08956682682037354,-0.01181328296661377,-0.36022818088531494],"orientation":[-0.040813691914081573,-0.7118985056877136,0.14656293392181396,0.6856048703193665]}}],[[-0.9077528715133667,-0.08777859807014465,-0.4102238416671753,0,-0.1753433346748352,0.9677392244338989,0.18092957139015198,0,0.38110798597335815,0.23616935312747955,-0.8938595056533813,0,-0.35861796140670776,0.5777606964111328,-0.35906124114990234,1],[-0.7302888631820679,0,-0.6831384897232056,0,0,1,0,0,0.6831384897232056,0,-0.7302888631820679,0,-0.057295799255371094,0.5792700052261353,-0.4132424592971802,1],{"axes":[0.1473146677017212,0.832561731338501],"buttons":[{"pressed":false,"touched":true,"value":0},{"pressed":false,"touched":false,"value":0},{"pressed":false,"touched":false,"value":0},{"pressed":false,"touched":false,"value":0}],"pose":{"position":[0.1444936990737915,-0.015000104904174805,-0.41878795623779297],"orientation":[0.0434696339070797,-0.7018340229988098,0.07542231678962708,0.7070013284683228]}},{"axes":[0.658025324344635,-0.42185288667678833],"buttons":[{"pressed":false,"touched":true,"value":0},{"pressed":false,"touched":false,"value":0},{"pressed":false,"touched":false,"value":0},{"pressed":false,"touched":false,"value":0}],"pose":{"position":[0.08945441246032715,-0.011776208877563477,-0.36018192768096924],"orientation":[-0.040757063776254654,-0.7118864059448242,0.14655429124832153,0.6856226921081543]}}],[[-0.9077996611595154,-0.08779203146696091,-0.41011735796928406,0,-0.17534540593624115,0.9677310585975647,0.1809712052345276,0,0.3809954822063446,0.2361978143453598,-0.8938999176025391,0,-0.35856157541275024,0.577788233757019,-0.359051913022995,1],[-0.7302888631820679,0,-0.6831384897232056,0,0,1,0,0,0.6831384897232056,0,-0.7302888631820679,0,-0.057295799255371094,0.5792700052261353,-0.4132424592971802,1],{"axes":[0.14968730509281158,0.8323014974594116],"buttons":[{"pressed":false,"touched":true,"value":0},{"pressed":false,"touched":false,"value":0},{"pressed":false,"touched":false,"value":0},{"pressed":false,"touched":false,"value":0}],"pose":{"position":[0.14442920684814453,-0.015037298202514648,-0.4187520742416382],"orientation":[0.043542712926864624,-0.7018347978591919,0.07540090382099152,0.706998348236084]}},{"axes":[0.6581973433494568,-0.4346964955329895],"buttons":[{"pressed":false,"touched":true,"value":0},{"pressed":false,"touched":false,"value":0},{"pressed":false,"touched":false,"value":0},{"pressed":false,"touched":false,"value":0}],"pose":{"position":[0.08951008319854736,-0.011925697326660156,-0.36021971702575684],"orientation":[-0.040786467492580414,-0.7119050621986389,0.14663515985012054,0.6855842471122742]}}],[[-0.9077377319335938,-0.08783096820116043,-0.4102461338043213,0,-0.17543604969978333,0.9677090048789978,0.18100133538246155,0,0.3811013996601105,0.23627370595932007,-0.8938347101211548,0,-0.3586777150630951,0.577717661857605,-0.35897836089134216,1],[-0.7302888631820679,0,-0.6831384897232056,0,0,1,0,0,0.6831384897232056,0,-0.7302888631820679,0,-0.057295799255371094,0.5792700052261353,-0.4132424592971802,1],{"axes":[0.149192675948143,0.8318495750427246],"buttons":[{"pressed":false,"touched":true,"value":0},{"pressed":false,"touched":false,"value":0},{"pressed":false,"touched":false,"value":0},{"pressed":false,"touched":false,"value":0}],"pose":{"position":[0.1443040370941162,-0.014897823333740234,-0.4187830686569214],"orientation":[0.04349832609295845,-0.7018555402755737,0.07546167075634003,0.7069740295410156]}},{"axes":[0.6586439609527588,-0.4707748591899872],"buttons":[{"pressed":false,"touched":true,"value":0},{"pressed":false,"touched":false,"value":0},{"pressed":false,"touched":false,"value":0},{"pressed":false,"touched":false,"value":0}],"pose":{"position":[0.08951425552368164,-0.011839866638183594,-0.3602865934371948],"orientation":[-0.0408945232629776,-0.7118936777114868,0.14659681916236877,0.685597836971283]}}],[[-0.9076826572418213,-0.08817023783922195,-0.41029512882232666,0,-0.17574672400951385,0.9676810503005981,0.18084929883480072,0,0.38108932971954346,0.23626181483268738,-0.8938429951667786,0,-0.35875293612480164,0.5